#Clock	Robots	Obstacles	Score
1	0	0	0
2	0	0	0
3	0	0	0
4	0	0	0
5	0	0	0
6	0	0	0
7	0	0	0
8	0	0	0
9	0	0	0
10	0	0	0
11	0	0	0
12	0	0	0
13	0	0	0
14	0	0	0
15	0	0	0
16	0	0	0
17	0	0	0
18	0	0	0
19	0	0	0
20	0	0	0
21	0	0	0
22	0	0	0
23	0	0	0
24	0	0	0
25	0	0	0
26	0	0	0
27	0	0	0
28	0	0	0
29	0	0	0
30	0	0	0
31	0	0	0
32	0	0	0
33	0	0	0
34	0	0	0
35	0	0	0
36	0	0	0
37	0	0	0
38	0	0	0
39	0	0	0
40	0	0	0
41	0	0	0
42	0	0	0
43	0	0	0
44	0	0	0
45	0	0	0
46	0	0	0
47	0	0	0
48	0	0	0
49	0	0	0
50	0	0	0
51	0	0	0
52	0	0	0
53	0	0	0
54	0	0	0
55	0	0	0
56	0	0	0
57	0	0	0
58	0	0	0
59	0	0	0
60	0	0	0
61	0	0	0
62	0	0	0
63	0	0	0
64	0	0	0
65	0	0	0
66	0	0	0
67	0	0	0
68	0	0	0
69	0	0	0
70	0	0	0
71	0	0	0
72	0	0	0
73	0	0	0
74	0	0	0
75	0	0	0
76	0	0	0
77	0	0	0
78	0	0	0
79	0	0	0
80	0	0	0
81	0	0	0
82	0	0	0
83	0	0	0
84	0	0	0
85	0	0	0
86	0	0	0
87	0	0	0
88	0	0	0
89	0	0	0
90	0	0	0
91	0	0	0
92	0	0	0
93	0	0	0
94	0	0	0
95	0	0	0
96	0	0	0
97	0	0	0
98	0	0	0
99	0	0	0
100	0	0	0
101	0	0	0
102	0	0	0
103	0	0	0
104	0	0	0
105	0	0	0
106	0	0	0
107	0	0	0
108	0	0	0
109	0	0	0
110	0	0	0
111	0	0	0
112	0	0	0
113	0	0	0
114	0	0	0
115	0	0	0
116	0	0	0
117	0	0	0
118	0	0	0
119	0	0	0
120	0	0	0
121	0	0	0
122	0	0	0
123	0	0	0
124	0	0	0
125	0	0	0
126	0	0	0
127	0	0	0
128	0	0	0
129	0	0	0
130	0	0	0
131	0	0	0
132	0	0	0
133	0	0	0
134	0	0	0
135	0	0	0
136	0	0	0
137	0	0	0
138	0	0	0
139	0	0	0
140	0	0	0
141	0	0	0
142	0	0	0
143	0	0	0
144	0	0	0
145	0	0	0
146	0	0	0
147	0	0	0
148	0	0	0
149	0	0	0
150	0	0	0
151	0	0	0
152	0	0	0
153	0	0	0
154	0	0	0
155	0	0	0
156	0	0	0
157	0	0	0
158	0	0	0
159	0	0	0
160	0	0	0
161	0	0	0
162	0	0	0
163	0	0	0
164	0	0	0
165	0	0	0
166	0	0	0
167	0	0	0
168	0	0	0
169	0	0	0
170	0	0	0
171	0	0	0
172	0	0	0
173	0	0	0
174	0	0	0
175	0	0	0
176	0	0	0
177	0	0	0
178	0	0	0
179	0	0	0
180	0	0	0
181	0	0	0
182	0	0	0
183	0	0	0
184	0	0	0
185	0	0	0
186	0	0	0
187	0	0	0
188	0	0	0
189	0	0	0
190	0	0	0
191	0	0	0
192	0	0	0
193	0	0	0
194	0	0	0
195	0	0	0
196	0	0	0
197	0	0	0
198	0	0	0
199	0	0	0
200	0	0	0
201	0	0	0
202	0	0	0
203	0	0	0
204	0	0	0
205	0	0	0
206	0	0	0
207	0	0	0
208	0	0	0
209	0	0	0
210	0	0	0
211	0	0	0
212	0	0	0
213	0	0	0
214	0	0	0
215	0	0	0
216	0	0	0
217	0	0	0
218	0	0	0
219	0	0	0
220	0	0	0
221	0	0	0
222	0	0	0
223	0	0	0
224	0	0	0
225	0	0	0
226	0	0	0
227	0	0	0
228	0	0	0
229	0	0	0
230	0	0	0
231	0	0	0
232	0	0	0
233	0	0	0
234	0	0	0
235	0	0	0
236	0	0	0
237	0	0	0
238	0	0	0
239	0	0	0
240	0	0	0
241	0	0	0
242	0	0	0
243	0	0	0
244	0	0	0
245	0	0	0
246	0	0	0
247	0	0	0
248	0	0	0
249	0	0	0
250	0	0	0
251	0	0	0
252	0	0	0
253	0	0	0
254	0	0	0
255	0	0	0
256	0	0	0
257	0	0	0
258	0	0	0
259	0	0	0
260	0	0	0
261	0	0	0
262	0	0	0
263	0	0	0
264	0	0	0
265	0	0	0
266	0	0	0
267	0	0	0
268	0	0	0
269	0	0	0
270	0	0	0
271	0	0	0
272	0	0	0
273	0	0	0
274	0	0	0
275	0	0	0
276	0	0	0
277	0	0	0
278	0	0	0
279	0	0	0
280	0	0	0
281	0	0	0
282	0	0	0
283	0	0	0
284	0	0	0
285	0	0	0
286	0	0	0
287	0	0	0
288	0	0	0
289	0	0	0
290	0	0	0
291	0	0	0
292	0	0	0
293	0	0	0
294	0	0	0
295	0	0	0
296	0	0	0
297	0	0	0
298	0	0	0
299	0	0	0
300	0	0	0
301	0	0	0
302	0	0	0
303	0	0	0
304	0	0	0
305	0	0	0
306	0	0	0
307	0	0	0
308	0	0	0
309	0	0	0
310	0	0	0
311	0	0	0
312	0	0	0
313	0	0	0
314	0	0	0
315	0	0	0
316	0	0	0
317	0	0	0
318	0	0	0
319	0	0	0
320	0	0	0
321	0	0	0
322	0	0	0
323	0	0	0
324	0	0	0
325	0	0	0
326	0	0	0
327	0	0	0
328	0	0	0
329	0	0	0
330	0	0	0
331	0	0	0
332	0	0	0
333	0	0	0
334	0	0	0
335	0	0	0
336	0	0	0
337	0	0	0
338	0	0	0
339	0	0	0
340	0	0	0
341	0	0	0
342	0	0	0
343	0	0	0
344	0	0	0
345	0	0	0
346	0	0	0
347	0	0	0
348	0	0	0
349	0	0	0
350	0	0	0
351	0	0	0
352	0	0	0
353	0	0	0
354	0	0	0
355	0	0	0
356	0	0	0
357	0	0	0
358	0	0	0
359	0	0	0
360	0	0	0
361	0	0	0
362	0	0	0
363	0	0	0
364	0	0	0
365	0	0	0
366	0	0	0
367	0	0	0
368	0	0	0
369	0	0	0
370	0	0	0
371	0	0	0
372	0	0	0
373	0	0	0
374	0	0	0
375	0	0	0
376	0	0	0
377	0	0	0
378	0	0	0
379	0	0	0
380	0	0	0
381	0	0	0
382	0	0	0
383	0	0	0
384	0	0	0
385	0	0	0
386	0	0	0
387	0	0	0
388	0	0	0
389	0	0	0
390	0	0	0
391	0	0	0
392	0	0	0
393	0	0	0
394	0	0	0
395	0	0	0
396	0	0	0
397	0	0	0
398	0	0	0
399	0	0	0
400	0	0	0
401	0	0	0
402	0	0	0
403	0	0	0
404	0	0	0
405	0	0	0
406	0	0	0
407	0	0	0
408	0	0	0
409	0	0	0
410	0	0	0
411	0	0	0
412	0	0	0
413	0	0	0
414	0	0	0
415	0	0	0
416	0	0	0
417	0	0	0
418	0	0	0
419	0	0	0
420	0	0	0
421	0	0	0
422	0	0	0
423	0	0	0
424	0	0	0
425	0	0	0
426	0	0	0
427	0	0	0
428	0	0	0
429	0	0	0
430	0	0	0
431	0	0	0
432	0	0	0
433	0	0	0
434	0	0	0
435	0	0	0
436	0	0	0
437	0	0	0
438	0	0	0
439	0	0	0
440	0	0	0
441	0	0	0
442	0	0	0
443	0	1	-1
444	0	1	-1
445	0	1	-1
446	0	1	-1
447	0	1	-1
448	0	1	-1
449	0	1	-1
450	0	1	-1
451	0	1	-1
452	0	1	-1
453	0	1	-1
454	0	1	-1
455	0	1	-1
456	0	1	-1
457	0	1	-1
458	0	1	-1
459	0	1	-1
460	0	1	-1
461	0	1	-1
462	0	1	-1
463	0	1	-1
464	0	1	-1
465	0	1	-1
466	0	1	-1
467	0	1	-1
468	0	1	-1
469	0	1	-1
470	0	1	-1
471	0	1	-1
472	0	1	-1
473	0	1	-1
474	0	1	-1
475	0	1	-1
476	0	1	-1
477	0	1	-1
478	0	1	-1
479	0	1	-1
480	0	1	-1
481	1	1	0
482	1	1	0
483	1	1	0
484	1	1	0
485	1	1	0
486	1	2	-1
487	1	2	-1
488	1	2	-1
489	1	2	-1
490	1	2	-1
491	1	2	-1
492	1	2	-1
493	1	2	-1
494	1	2	-1
495	1	2	-1
496	1	2	-1
497	1	2	-1
498	1	2	-1
499	1	2	-1
500	1	2	-1
501	1	2	-1
502	1	2	-1
503	1	2	-1
504	1	2	-1
505	1	3	-2
506	1	3	-2
507	1	3	-2
508	1	3	-2
509	1	3	-2
510	1	3	-2
511	1	3	-2
512	1	3	-2
513	1	3	-2
514	1	3	-2
515	1	3	-2
516	1	3	-2
517	1	3	-2
518	1	3	-2
519	1	3	-2
520	1	3	-2
521	1	3	-2
522	1	3	-2
523	2	3	-1
524	2	3	-1
525	2	3	-1
526	2	3	-1
527	2	3	-1
528	2	3	-1
529	2	3	-1
530	2	3	-1
531	2	3	-1
532	2	3	-1
533	2	3	-1
534	2	3	-1
535	2	3	-1
536	2	3	-1
537	2	3	-1
538	2	3	-1
539	2	3	-1
540	2	3	-1
541	2	3	-1
542	2	3	-1
543	2	3	-1
544	2	3	-1
545	2	3	-1
546	2	3	-1
547	2	3	-1
548	2	3	-1
549	2	3	-1
550	2	3	-1
551	2	2	0
552	2	2	0
553	2	2	0
554	2	2	0
555	2	2	0
556	2	2	0
557	2	2	0
558	2	2	0
559	2	2	0
560	2	2	0
561	2	2	0
562	2	2	0
563	2	2	0
564	2	2	0
565	2	2	0
566	2	2	0
567	2	2	0
568	2	2	0
569	2	2	0
570	2	2	0
571	2	2	0
572	2	2	0
573	2	2	0
574	2	2	0
575	2	2	0
576	2	2	0
577	2	2	0
578	2	2	0
579	2	2	0
580	2	2	0
581	2	2	0
582	2	2	0
583	2	2	0
584	2	2	0
585	2	2	0
586	2	2	0
587	2	2	0
588	2	2	0
589	2	2	0
590	2	2	0
591	2	2	0
592	2	2	0
593	2	2	0
594	2	2	0
595	2	2	0
596	2	2	0
597	2	2	0
598	2	2	0
599	2	2	0
600	2	2	0
601	2	2	0
602	2	2	0
603	2	2	0
604	2	2	0
605	2	2	0
606	2	2	0
607	2	2	0
608	2	2	0
609	2	2	0
610	2	2	0
611	2	2	0
612	2	2	0
613	2	2	0
614	2	2	0
615	2	2	0
616	2	2	0
617	2	2	0
618	2	2	0
619	2	2	0
620	2	2	0
621	2	2	0
622	2	2	0
623	2	2	0
624	2	2	0
625	2	2	0
626	2	2	0
627	2	2	0
628	2	2	0
629	2	2	0
630	2	2	0
631	2	2	0
632	2	2	0
633	2	2	0
634	2	2	0
635	2	2	0
636	2	2	0
637	2	2	0
638	2	2	0
639	2	2	0
640	2	2	0
641	2	2	0
642	2	2	0
643	2	2	0
644	2	2	0
645	2	2	0
646	2	2	0
647	2	3	-1
648	2	3	-1
649	2	3	-1
650	2	3	-1
651	2	3	-1
652	2	3	-1
653	2	3	-1
654	2	3	-1
655	2	3	-1
656	2	3	-1
657	2	3	-1
658	2	3	-1
659	2	3	-1
660	2	4	-2
661	2	4	-2
662	2	4	-2
663	2	4	-2
664	2	4	-2
665	2	4	-2
666	2	4	-2
667	2	4	-2
668	2	4	-2
669	2	4	-2
670	2	4	-2
671	2	4	-2
672	2	4	-2
673	2	5	-3
674	2	5	-3
675	2	5	-3
676	2	5	-3
677	2	5	-3
678	2	5	-3
679	2	5	-3
680	2	5	-3
681	2	5	-3
682	2	5	-3
683	2	5	-3
684	2	5	-3
685	3	5	-2
686	3	5	-2
687	3	5	-2
688	3	5	-2
689	3	5	-2
690	3	5	-2
691	3	5	-2
692	3	5	-2
693	3	5	-2
694	3	5	-2
695	3	5	-2
696	3	5	-2
697	3	5	-2
698	3	5	-2
699	3	5	-2
700	3	5	-2
701	3	5	-2
702	3	5	-2
703	3	5	-2
704	3	5	-2
705	3	5	-2
706	3	5	-2
707	3	5	-2
708	3	5	-2
709	3	5	-2
710	3	5	-2
711	3	5	-2
712	3	5	-2
713	3	5	-2
714	3	5	-2
715	3	5	-2
716	3	5	-2
717	3	5	-2
718	3	5	-2
719	3	5	-2
720	3	5	-2
721	3	5	-2
722	3	5	-2
723	3	5	-2
724	3	5	-2
725	3	5	-2
726	3	5	-2
727	3	5	-2
728	3	5	-2
729	3	5	-2
730	3	5	-2
731	3	5	-2
732	3	5	-2
733	3	5	-2
734	3	5	-2
735	3	5	-2
736	3	5	-2
737	3	5	-2
738	3	5	-2
739	3	5	-2
740	3	5	-2
741	3	5	-2
742	3	5	-2
743	3	5	-2
744	3	5	-2
745	3	5	-2
746	3	5	-2
747	3	5	-2
748	3	5	-2
749	3	5	-2
750	3	5	-2
751	3	5	-2
752	3	5	-2
753	3	5	-2
754	3	5	-2
755	3	5	-2
756	3	5	-2
757	3	5	-2
758	3	5	-2
759	3	5	-2
760	3	5	-2
761	3	5	-2
762	3	5	-2
763	3	5	-2
764	3	5	-2
765	3	5	-2
766	3	5	-2
767	3	5	-2
768	3	5	-2
769	3	5	-2
770	3	5	-2
771	3	5	-2
772	3	5	-2
773	3	5	-2
774	3	5	-2
775	3	5	-2
776	3	5	-2
777	3	5	-2
778	3	5	-2
779	3	5	-2
780	3	5	-2
781	3	5	-2
782	3	5	-2
783	3	5	-2
784	3	5	-2
785	3	5	-2
786	3	5	-2
787	3	5	-2
788	3	5	-2
789	3	5	-2
790	3	5	-2
791	3	5	-2
792	3	5	-2
793	3	5	-2
794	4	5	-1
795	4	5	-1
796	4	5	-1
797	4	5	-1
798	4	5	-1
799	4	5	-1
800	4	5	-1
801	4	5	-1
802	4	5	-1
803	4	5	-1
804	4	5	-1
805	4	5	-1
806	4	5	-1
807	4	5	-1
808	4	5	-1
809	4	5	-1
810	4	5	-1
811	4	5	-1
812	4	5	-1
813	4	5	-1
814	4	5	-1
815	4	5	-1
816	3	5	-2
817	3	5	-2
818	3	5	-2
819	3	5	-2
820	3	5	-2
821	3	5	-2
822	3	5	-2
823	3	5	-2
824	3	5	-2
825	3	5	-2
826	3	5	-2
827	3	5	-2
828	3	5	-2
829	3	5	-2
830	3	5	-2
831	3	5	-2
832	3	5	-2
833	3	5	-2
834	3	5	-2
835	3	5	-2
836	3	5	-2
837	3	5	-2
838	3	6	-3
839	3	6	-3
840	3	6	-3
841	3	6	-3
842	3	6	-3
843	3	6	-3
844	3	6	-3
845	3	6	-3
846	3	6	-3
847	3	6	-3
848	3	6	-3
849	3	6	-3
850	3	6	-3
851	4	6	-2
852	4	6	-2
853	4	6	-2
854	4	6	-2
855	4	6	-2
856	4	6	-2
857	4	6	-2
858	4	6	-2
859	4	6	-2
860	4	6	-2
861	4	6	-2
862	5	6	-1
863	5	6	-1
864	5	6	-1
865	5	6	-1
866	5	6	-1
867	5	6	-1
868	5	6	-1
869	5	6	-1
870	5	6	-1
871	5	6	-1
872	6	6	0
873	6	6	0
874	6	6	0
875	6	6	0
876	6	6	0
877	6	6	0
878	6	6	0
879	6	6	0
880	6	6	0
881	6	6	0
882	6	6	0
883	6	6	0
884	6	6	0
885	6	6	0
886	6	6	0
887	6	6	0
888	6	6	0
889	7	6	1
890	7	6	1
891	7	6	1
892	7	6	1
893	7	6	1
894	7	6	1
895	7	6	1
896	7	6	1
897	7	6	1
898	7	6	1
899	7	6	1
900	7	6	1
901	7	6	1
902	7	6	1
903	7	6	1
904	7	6	1
905	7	6	1
906	7	6	1
907	7	6	1
908	7	6	1
909	7	6	1
910	7	6	1
911	7	6	1
912	7	6	1
913	7	6	1
914	7	6	1
915	7	6	1
916	7	6	1
917	7	6	1
918	7	6	1
919	7	6	1
920	7	6	1
921	7	6	1
922	8	6	2
923	8	6	2
924	8	6	2
925	8	6	2
926	8	6	2
927	8	6	2
928	8	6	2
929	8	6	2
930	8	6	2
931	8	6	2
932	8	6	2
933	8	6	2
934	8	6	2
935	8	6	2
936	8	6	2
937	8	6	2
938	8	6	2
939	8	6	2
940	8	6	2
941	8	6	2
942	8	6	2
943	8	6	2
944	8	6	2
945	8	6	2
946	8	6	2
947	8	6	2
948	8	6	2
949	8	6	2
950	8	6	2
951	8	6	2
952	8	6	2
953	8	6	2
954	8	6	2
955	8	6	2
956	8	6	2
957	8	6	2
958	8	6	2
959	8	6	2
960	8	6	2
961	8	6	2
962	8	6	2
963	8	6	2
964	8	6	2
965	8	6	2
966	8	6	2
967	8	6	2
968	8	6	2
969	8	6	2
970	7	6	1
971	7	6	1
972	7	6	1
973	7	6	1
974	7	6	1
975	7	6	1
976	7	6	1
977	7	6	1
978	7	6	1
979	7	6	1
980	7	6	1
981	7	6	1
982	7	6	1
983	7	6	1
984	7	6	1
985	7	6	1
986	7	6	1
987	7	6	1
988	7	6	1
989	7	6	1
990	7	6	1
991	7	6	1
992	7	6	1
993	7	6	1
994	7	6	1
995	7	6	1
996	7	6	1
997	7	6	1
998	7	6	1
999	7	6	1
1000	7	6	1
1001	7	6	1
1002	7	6	1
1003	7	6	1
1004	7	6	1
1005	7	6	1
1006	7	6	1
1007	7	6	1
1008	7	6	1
1009	7	6	1
1010	7	6	1
1011	7	6	1
1012	7	6	1
1013	7	6	1
1014	7	6	1
1015	7	6	1
1016	7	6	1
1017	7	6	1
1018	7	6	1
1019	7	6	1
1020	7	6	1
1021	7	6	1
1022	7	6	1
1023	7	6	1
1024	7	6	1
1025	7	6	1
1026	7	6	1
1027	7	6	1
1028	7	6	1
1029	7	6	1
1030	7	6	1
1031	7	6	1
1032	7	6	1
1033	7	6	1
1034	7	6	1
1035	7	6	1
1036	7	6	1
1037	7	6	1
1038	7	6	1
1039	7	6	1
1040	7	6	1
1041	7	6	1
1042	7	6	1
1043	7	6	1
1044	7	6	1
1045	7	6	1
1046	7	6	1
1047	7	6	1
1048	7	6	1
1049	7	6	1
1050	7	6	1
1051	7	6	1
1052	7	6	1
1053	7	6	1
1054	7	6	1
1055	7	6	1
1056	7	6	1
1057	7	6	1
1058	7	6	1
1059	7	6	1
1060	7	6	1
1061	7	6	1
1062	7	6	1
1063	7	6	1
1064	7	6	1
1065	7	6	1
1066	7	6	1
1067	7	6	1
1068	7	6	1
1069	7	6	1
1070	7	6	1
1071	7	6	1
1072	7	6	1
1073	7	6	1
1074	7	6	1
1075	7	6	1
1076	7	6	1
1077	7	6	1
1078	7	6	1
1079	7	6	1
1080	7	6	1
1081	7	6	1
1082	7	6	1
1083	7	6	1
1084	7	6	1
1085	7	6	1
1086	7	6	1
1087	7	6	1
1088	7	6	1
1089	7	6	1
1090	7	6	1
1091	7	6	1
1092	7	6	1
1093	7	6	1
1094	7	6	1
1095	7	6	1
1096	7	6	1
1097	7	6	1
1098	7	6	1
1099	7	6	1
1100	7	6	1
1101	7	6	1
1102	7	6	1
1103	7	6	1
1104	7	6	1
1105	7	6	1
1106	7	6	1
1107	7	6	1
1108	7	6	1
1109	7	6	1
1110	7	6	1
1111	7	6	1
1112	7	6	1
1113	7	6	1
1114	7	6	1
1115	7	6	1
1116	7	6	1
1117	7	6	1
1118	7	6	1
1119	7	6	1
1120	7	6	1
1121	7	6	1
1122	7	6	1
1123	7	6	1
1124	7	6	1
1125	7	6	1
1126	7	6	1
1127	7	6	1
1128	7	6	1
1129	7	6	1
1130	7	6	1
1131	7	6	1
1132	7	6	1
1133	7	6	1
1134	7	6	1
1135	7	6	1
1136	7	6	1
1137	7	6	1
1138	7	6	1
1139	7	6	1
1140	7	6	1
1141	7	6	1
1142	7	6	1
1143	7	6	1
1144	7	6	1
1145	7	6	1
1146	7	6	1
1147	7	6	1
1148	7	6	1
1149	7	6	1
1150	7	6	1
1151	7	6	1
1152	7	6	1
1153	7	6	1
1154	7	6	1
1155	7	6	1
1156	7	6	1
1157	7	6	1
1158	7	6	1
1159	7	6	1
1160	7	6	1
1161	7	6	1
1162	7	6	1
1163	7	6	1
1164	6	6	0
1165	6	6	0
1166	6	6	0
1167	6	6	0
1168	6	6	0
1169	6	6	0
1170	7	6	1
1171	7	6	1
1172	7	6	1
1173	7	6	1
1174	7	6	1
1175	7	6	1
1176	7	6	1
1177	7	6	1
1178	7	6	1
1179	7	6	1
1180	7	6	1
1181	7	6	1
1182	7	6	1
1183	7	6	1
1184	7	6	1
1185	7	6	1
1186	7	6	1
1187	7	6	1
1188	7	6	1
1189	7	6	1
1190	7	6	1
1191	7	6	1
1192	7	6	1
1193	7	6	1
1194	7	6	1
1195	7	6	1
1196	7	6	1
1197	7	6	1
1198	7	6	1
1199	7	6	1
1200	7	6	1
1201	7	6	1
1202	7	6	1
1203	7	6	1
1204	7	6	1
1205	7	6	1
1206	7	6	1
1207	7	6	1
1208	7	6	1
1209	7	6	1
1210	7	6	1
1211	7	6	1
1212	7	6	1
1213	7	6	1
1214	7	6	1
1215	7	6	1
1216	7	6	1
1217	7	6	1
1218	7	6	1
1219	7	6	1
1220	7	6	1
1221	7	6	1
1222	7	6	1
1223	7	6	1
1224	7	6	1
1225	7	6	1
1226	7	6	1
1227	7	6	1
1228	7	6	1
1229	7	6	1
1230	7	6	1
1231	7	6	1
1232	7	6	1
1233	7	6	1
1234	8	6	2
1235	8	6	2
1236	8	6	2
1237	8	6	2
1238	8	6	2
1239	8	6	2
1240	8	6	2
1241	8	6	2
1242	8	6	2
1243	8	6	2
1244	8	6	2
1245	8	6	2
1246	8	6	2
1247	8	6	2
1248	8	6	2
1249	8	6	2
1250	8	6	2
1251	8	6	2
1252	8	6	2
1253	8	6	2
1254	8	6	2
1255	8	6	2
1256	8	6	2
1257	8	6	2
1258	8	6	2
1259	8	6	2
1260	8	6	2
1261	8	6	2
1262	8	6	2
1263	8	6	2
1264	8	6	2
1265	8	6	2
1266	8	6	2
1267	8	6	2
1268	8	6	2
1269	8	6	2
1270	8	6	2
1271	8	6	2
1272	8	6	2
1273	8	6	2
1274	8	6	2
1275	8	7	1
1276	8	7	1
1277	8	7	1
1278	8	7	1
1279	8	7	1
1280	9	7	2
1281	9	7	2
1282	9	7	2
1283	9	7	2
1284	9	7	2
1285	9	7	2
1286	9	7	2
1287	9	7	2
1288	9	7	2
1289	9	7	2
1290	9	7	2
1291	9	7	2
1292	9	7	2
1293	9	7	2
1294	9	7	2
1295	9	7	2
1296	9	7	2
1297	9	7	2
1298	9	7	2
1299	9	7	2
1300	9	7	2
1301	9	7	2
1302	9	7	2
1303	9	7	2
1304	9	7	2
1305	9	7	2
1306	9	7	2
1307	9	7	2
1308	9	7	2
1309	9	7	2
1310	9	7	2
1311	9	7	2
1312	9	7	2
1313	9	7	2
1314	9	7	2
1315	9	7	2
1316	9	7	2
1317	9	7	2
1318	9	7	2
1319	9	7	2
1320	9	7	2
1321	9	7	2
1322	9	7	2
1323	9	7	2
1324	9	7	2
1325	9	7	2
1326	9	7	2
1327	9	7	2
1328	9	7	2
1329	9	7	2
1330	9	7	2
1331	9	7	2
1332	9	7	2
1333	9	7	2
1334	9	7	2
1335	9	7	2
1336	9	7	2
1337	9	7	2
1338	9	7	2
1339	9	7	2
1340	9	7	2
1341	9	7	2
1342	9	7	2
1343	9	7	2
1344	9	7	2
1345	9	7	2
1346	9	7	2
1347	9	7	2
1348	9	7	2
1349	9	7	2
1350	9	7	2
1351	9	7	2
1352	9	7	2
1353	9	7	2
1354	9	7	2
1355	9	7	2
1356	9	7	2
1357	9	7	2
1358	9	7	2
1359	9	7	2
1360	9	7	2
1361	9	7	2
1362	9	7	2
1363	9	7	2
1364	9	7	2
1365	9	7	2
1366	9	7	2
1367	9	7	2
1368	9	7	2
1369	9	7	2
1370	9	7	2
1371	9	7	2
1372	9	7	2
1373	9	7	2
1374	9	7	2
1375	9	7	2
1376	9	7	2
1377	9	7	2
1378	9	7	2
1379	9	7	2
1380	9	7	2
1381	9	7	2
1382	9	7	2
1383	9	7	2
1384	9	7	2
1385	9	7	2
1386	9	7	2
1387	9	7	2
1388	9	7	2
1389	9	7	2
1390	9	7	2
1391	9	7	2
1392	9	7	2
1393	9	7	2
1394	9	7	2
1395	9	7	2
1396	9	7	2
1397	9	7	2
1398	9	7	2
1399	9	7	2
1400	9	7	2
1401	9	7	2
1402	9	7	2
1403	9	7	2
1404	9	7	2
1405	9	7	2
1406	9	7	2
1407	9	7	2
1408	9	7	2
1409	9	7	2
1410	9	7	2
1411	9	7	2
1412	9	7	2
1413	9	7	2
1414	9	7	2
1415	9	7	2
1416	9	7	2
1417	9	7	2
1418	9	7	2
1419	9	7	2
1420	9	7	2
1421	9	7	2
1422	9	7	2
1423	9	7	2
1424	9	7	2
1425	9	7	2
1426	9	7	2
1427	9	7	2
1428	9	7	2
1429	9	7	2
1430	9	7	2
1431	9	7	2
1432	9	7	2
1433	9	7	2
1434	9	7	2
1435	9	7	2
1436	9	7	2
1437	9	7	2
1438	9	7	2
1439	9	7	2
1440	9	7	2
1441	9	7	2
1442	9	7	2
1443	9	7	2
1444	9	7	2
1445	9	7	2
1446	9	7	2
1447	9	7	2
1448	9	7	2
1449	9	7	2
1450	9	7	2
1451	9	8	1
1452	9	8	1
1453	9	8	1
1454	9	8	1
1455	9	8	1
1456	9	8	1
1457	9	8	1
1458	9	8	1
1459	9	8	1
1460	9	8	1
1461	9	8	1
1462	9	8	1
1463	9	8	1
1464	9	8	1
1465	9	8	1
1466	9	8	1
1467	9	8	1
1468	10	8	2
1469	10	8	2
1470	10	8	2
1471	10	8	2
1472	10	8	2
1473	10	8	2
1474	10	8	2
1475	10	8	2
1476	10	8	2
1477	10	8	2
1478	10	8	2
1479	10	8	2
1480	10	8	2
1481	10	8	2
1482	10	8	2
1483	10	8	2
1484	10	8	2
1485	10	8	2
1486	10	8	2
1487	10	8	2
1488	10	8	2
1489	10	8	2
1490	10	8	2
1491	10	8	2
1492	10	8	2
1493	10	8	2
1494	9	8	1
1495	9	8	1
1496	9	8	1
1497	9	8	1
1498	9	8	1
1499	9	8	1
1500	9	8	1
1501	9	8	1
1502	9	8	1
1503	9	8	1
1504	9	8	1
1505	9	8	1
1506	9	8	1
1507	9	8	1
1508	9	8	1
1509	9	8	1
1510	9	8	1
1511	9	8	1
1512	9	8	1
1513	9	8	1
1514	9	8	1
1515	9	8	1
1516	9	8	1
1517	9	8	1
1518	9	8	1
1519	9	8	1
1520	9	8	1
1521	9	8	1
1522	9	8	1
1523	9	8	1
1524	9	8	1
1525	9	8	1
1526	9	8	1
1527	9	8	1
1528	9	8	1
1529	9	8	1
1530	9	8	1
1531	9	8	1
1532	9	8	1
1533	9	8	1
1534	10	8	2
1535	10	8	2
1536	10	8	2
1537	10	8	2
1538	10	8	2
1539	10	8	2
1540	10	8	2
1541	10	8	2
1542	10	8	2
1543	10	8	2
1544	10	8	2
1545	10	8	2
1546	10	9	1
1547	10	9	1
1548	10	9	1
1549	10	9	1
1550	10	9	1
1551	10	9	1
1552	10	9	1
1553	10	9	1
1554	10	9	1
1555	10	9	1
1556	10	9	1
1557	10	9	1
1558	10	9	1
1559	10	9	1
1560	10	9	1
1561	10	9	1
1562	10	10	0
1563	10	10	0
1564	10	10	0
1565	10	10	0
1566	10	10	0
1567	10	10	0
1568	10	10	0
1569	10	10	0
1570	10	10	0
1571	11	10	1
1572	11	10	1
1573	11	10	1
1574	11	10	1
1575	11	10	1
1576	11	10	1
1577	11	10	1
1578	11	10	1
1579	11	10	1
1580	11	10	1
1581	11	10	1
1582	11	10	1
1583	11	10	1
1584	11	10	1
1585	11	10	1
1586	11	10	1
1587	11	10	1
1588	11	10	1
1589	11	11	0
1590	11	11	0
1591	11	11	0
1592	11	11	0
1593	11	11	0
1594	12	11	1
1595	12	11	1
1596	12	11	1
1597	12	11	1
1598	12	11	1
1599	12	11	1
1600	12	11	1
1601	12	11	1
1602	12	10	2
1603	12	10	2
1604	12	10	2
1605	12	10	2
1606	12	10	2
1607	12	10	2
1608	12	10	2
1609	12	10	2
1610	12	10	2
1611	12	10	2
1612	12	10	2
1613	12	10	2
1614	12	10	2
1615	12	10	2
1616	12	10	2
1617	12	10	2
1618	12	10	2
1619	12	10	2
1620	12	10	2
1621	12	10	2
1622	12	10	2
1623	12	10	2
1624	12	10	2
1625	12	10	2
1626	12	10	2
1627	12	10	2
1628	12	10	2
1629	12	10	2
1630	12	10	2
1631	12	10	2
1632	12	10	2
1633	12	10	2
1634	12	10	2
1635	12	10	2
1636	12	10	2
1637	12	10	2
1638	13	10	3
1639	13	11	2
1640	13	11	2
1641	13	11	2
1642	13	11	2
1643	13	11	2
1644	13	11	2
1645	13	11	2
1646	13	11	2
1647	13	11	2
1648	13	11	2
1649	13	11	2
1650	13	11	2
1651	13	11	2
1652	13	11	2
1653	13	11	2
1654	13	11	2
1655	13	11	2
1656	13	11	2
1657	13	11	2
1658	13	11	2
1659	13	11	2
1660	13	11	2
1661	13	11	2
1662	12	11	1
1663	12	11	1
1664	12	11	1
1665	12	11	1
1666	12	11	1
1667	12	11	1
1668	12	11	1
1669	12	11	1
1670	12	11	1
1671	12	11	1
1672	12	11	1
1673	12	11	1
1674	12	11	1
1675	12	11	1
1676	12	11	1
1677	12	11	1
1678	12	11	1
1679	12	11	1
1680	12	11	1
1681	12	11	1
1682	12	11	1
1683	12	11	1
1684	12	11	1
1685	12	11	1
1686	12	11	1
1687	13	11	2
1688	13	11	2
1689	13	11	2
1690	13	11	2
1691	13	11	2
1692	13	11	2
1693	13	11	2
1694	13	11	2
1695	13	11	2
1696	13	11	2
1697	13	11	2
1698	13	11	2
1699	13	11	2
1700	13	11	2
1701	13	11	2
1702	13	11	2
1703	13	11	2
1704	13	11	2
1705	13	11	2
1706	13	11	2
1707	13	11	2
1708	13	11	2
1709	13	11	2
1710	13	11	2
1711	13	11	2
1712	13	11	2
1713	13	11	2
1714	13	11	2
1715	13	11	2
1716	13	11	2
1717	13	11	2
1718	13	11	2
1719	13	11	2
1720	13	11	2
1721	13	11	2
1722	13	11	2
1723	13	11	2
1724	14	11	3
1725	14	11	3
1726	14	11	3
1727	14	11	3
1728	14	11	3
1729	14	11	3
1730	14	11	3
1731	14	11	3
1732	14	11	3
1733	14	11	3
1734	14	11	3
1735	14	11	3
1736	14	11	3
1737	14	11	3
1738	14	11	3
1739	14	11	3
1740	14	11	3
1741	14	11	3
1742	14	11	3
1743	14	11	3
1744	14	11	3
1745	14	11	3
1746	14	11	3
1747	14	11	3
1748	14	11	3
1749	14	11	3
1750	14	11	3
1751	14	11	3
1752	14	11	3
1753	14	11	3
1754	14	11	3
1755	14	11	3
1756	14	11	3
1757	15	11	4
1758	15	11	4
1759	15	11	4
1760	15	11	4
1761	15	11	4
1762	15	11	4
1763	15	11	4
1764	15	11	4
1765	15	11	4
1766	15	11	4
1767	15	11	4
1768	15	11	4
1769	15	11	4
1770	15	11	4
1771	15	11	4
1772	15	11	4
1773	15	11	4
1774	15	11	4
1775	15	11	4
1776	15	11	4
1777	15	11	4
1778	15	11	4
1779	15	11	4
1780	14	11	3
1781	14	11	3
1782	14	11	3
1783	14	11	3
1784	14	11	3
1785	14	11	3
1786	14	11	3
1787	14	11	3
1788	14	11	3
1789	14	11	3
1790	14	11	3
1791	14	11	3
1792	14	11	3
1793	14	11	3
1794	14	11	3
1795	15	11	4
1796	15	11	4
1797	15	11	4
1798	15	11	4
1799	15	11	4
1800	15	11	4
1801	15	11	4
1802	15	11	4
1803	15	11	4
1804	15	11	4
1805	15	11	4
1806	15	11	4
1807	15	11	4
1808	15	11	4
1809	15	11	4
1810	15	11	4
1811	15	11	4
1812	15	11	4
1813	15	11	4
1814	15	11	4
1815	15	11	4
1816	15	11	4
1817	15	11	4
1818	15	11	4
1819	15	11	4
1820	15	11	4
1821	15	11	4
1822	15	11	4
1823	15	12	3
1824	15	12	3
1825	15	12	3
1826	15	12	3
1827	15	12	3
1828	15	12	3
1829	15	12	3
1830	15	12	3
1831	15	12	3
1832	15	12	3
1833	15	12	3
1834	15	12	3
1835	15	12	3
1836	15	12	3
1837	15	12	3
1838	15	12	3
1839	15	12	3
1840	15	12	3
1841	15	12	3
1842	15	12	3
1843	15	12	3
1844	15	12	3
1845	15	12	3
1846	15	12	3
1847	15	12	3
1848	15	12	3
1849	15	12	3
1850	15	12	3
1851	15	12	3
1852	15	12	3
1853	15	12	3
1854	15	12	3
1855	15	12	3
1856	15	12	3
1857	15	12	3
1858	15	12	3
1859	15	12	3
1860	15	12	3
1861	15	12	3
1862	15	12	3
1863	15	12	3
1864	15	12	3
1865	15	12	3
1866	15	12	3
1867	15	12	3
1868	15	12	3
1869	15	12	3
1870	15	12	3
1871	15	12	3
1872	15	12	3
1873	15	12	3
1874	15	12	3
1875	15	12	3
1876	15	12	3
1877	15	12	3
1878	15	12	3
1879	15	12	3
1880	15	12	3
1881	15	12	3
1882	15	12	3
1883	15	12	3
1884	15	12	3
1885	15	12	3
1886	15	12	3
1887	15	12	3
1888	15	12	3
1889	15	12	3
1890	15	12	3
1891	15	12	3
1892	14	12	2
1893	14	13	1
1894	14	13	1
1895	14	13	1
1896	14	13	1
1897	14	13	1
1898	14	13	1
1899	14	13	1
1900	14	13	1
1901	14	13	1
1902	14	13	1
1903	14	13	1
1904	14	13	1
1905	14	13	1
1906	14	13	1
1907	14	13	1
1908	14	13	1
1909	14	13	1
1910	14	13	1
1911	14	13	1
1912	14	13	1
1913	14	13	1
1914	14	13	1
1915	14	13	1
1916	14	13	1
1917	14	13	1
1918	14	13	1
1919	14	13	1
1920	14	13	1
1921	14	13	1
1922	14	13	1
1923	14	13	1
1924	14	13	1
1925	14	13	1
1926	14	13	1
1927	14	13	1
1928	14	13	1
1929	14	13	1
1930	14	13	1
1931	14	13	1
1932	14	13	1
1933	14	13	1
1934	14	13	1
1935	14	13	1
1936	14	13	1
1937	14	13	1
1938	14	13	1
1939	14	13	1
1940	14	13	1
1941	14	13	1
1942	14	13	1
1943	14	13	1
1944	14	13	1
1945	14	13	1
1946	14	13	1
1947	14	13	1
1948	14	13	1
1949	14	13	1
1950	14	13	1
1951	14	13	1
1952	14	13	1
1953	14	13	1
1954	14	13	1
1955	15	13	2
1956	15	13	2
1957	15	13	2
1958	15	13	2
1959	15	13	2
1960	15	13	2
1961	15	13	2
1962	15	13	2
1963	15	13	2
1964	15	13	2
1965	15	13	2
1966	15	13	2
1967	15	13	2
1968	15	13	2
1969	15	13	2
1970	15	13	2
1971	15	13	2
1972	15	13	2
1973	15	13	2
1974	15	13	2
1975	15	13	2
1976	15	13	2
1977	15	13	2
1978	15	13	2
1979	15	13	2
1980	15	13	2
1981	15	13	2
1982	15	13	2
1983	15	13	2
1984	15	13	2
1985	15	13	2
1986	15	13	2
1987	15	13	2
1988	15	13	2
1989	15	13	2
1990	15	13	2
1991	15	13	2
1992	15	13	2
1993	16	13	3
1994	16	13	3
1995	16	13	3
1996	16	13	3
1997	16	13	3
1998	16	13	3
1999	16	13	3
2000	16	13	3
2001	16	13	3
2002	16	13	3
2003	16	13	3
2004	16	13	3
2005	16	13	3
2006	16	13	3
2007	16	13	3
2008	16	13	3
2009	16	13	3
2010	16	13	3
2011	16	13	3
2012	16	13	3
2013	16	13	3
2014	16	13	3
2015	16	13	3
2016	16	13	3
2017	16	13	3
2018	16	13	3
2019	16	13	3
2020	16	13	3
2021	17	13	4
2022	17	13	4
2023	17	13	4
2024	17	13	4
2025	17	13	4
2026	17	13	4
2027	17	13	4
2028	17	13	4
2029	17	13	4
2030	17	13	4
2031	17	13	4
2032	17	13	4
2033	17	13	4
2034	17	13	4
2035	17	13	4
2036	17	13	4
2037	17	13	4
2038	17	13	4
2039	17	13	4
2040	17	13	4
2041	17	13	4
2042	17	13	4
2043	17	13	4
2044	17	13	4
2045	17	13	4
2046	17	13	4
2047	17	13	4
2048	17	13	4
2049	17	13	4
2050	17	13	4
2051	17	13	4
2052	17	13	4
2053	17	13	4
2054	17	13	4
2055	17	13	4
2056	17	13	4
2057	17	13	4
2058	17	13	4
2059	17	13	4
2060	17	13	4
2061	17	13	4
2062	17	13	4
2063	17	13	4
2064	17	13	4
2065	17	13	4
2066	17	13	4
2067	17	13	4
2068	17	13	4
2069	17	13	4
2070	17	13	4
2071	17	13	4
2072	17	13	4
2073	17	13	4
2074	17	13	4
2075	17	13	4
2076	17	13	4
2077	17	13	4
2078	17	13	4
2079	17	13	4
2080	17	13	4
2081	17	13	4
2082	17	13	4
2083	17	13	4
2084	17	13	4
2085	17	13	4
2086	17	13	4
2087	17	13	4
2088	17	13	4
2089	17	13	4
2090	17	13	4
2091	17	13	4
2092	17	13	4
2093	17	13	4
2094	17	13	4
2095	17	13	4
2096	17	13	4
2097	17	13	4
2098	17	13	4
2099	17	13	4
2100	17	13	4
2101	17	13	4
2102	17	13	4
2103	17	13	4
2104	17	13	4
2105	17	13	4
2106	17	13	4
2107	17	13	4
2108	17	13	4
2109	17	13	4
2110	17	13	4
2111	17	13	4
2112	17	13	4
2113	17	13	4
2114	17	13	4
2115	17	13	4
2116	17	13	4
2117	17	13	4
2118	17	13	4
2119	17	13	4
2120	17	13	4
2121	17	13	4
2122	17	13	4
2123	17	13	4
2124	17	13	4
2125	17	13	4
2126	17	13	4
2127	17	13	4
2128	17	13	4
2129	17	13	4
2130	17	13	4
2131	17	13	4
2132	17	13	4
2133	17	13	4
2134	17	13	4
2135	17	13	4
2136	17	13	4
2137	17	13	4
2138	17	13	4
2139	17	13	4
2140	17	13	4
2141	17	13	4
2142	17	13	4
2143	17	13	4
2144	17	13	4
2145	17	13	4
2146	17	13	4
2147	17	13	4
2148	17	13	4
2149	17	13	4
2150	17	13	4
2151	17	13	4
2152	17	13	4
2153	17	13	4
2154	17	13	4
2155	17	13	4
2156	17	13	4
2157	17	13	4
2158	17	13	4
2159	17	13	4
2160	17	13	4
2161	17	13	4
2162	17	13	4
2163	17	13	4
2164	17	13	4
2165	17	13	4
2166	17	13	4
2167	17	13	4
2168	17	13	4
2169	17	13	4
2170	17	13	4
2171	17	13	4
2172	17	13	4
2173	17	13	4
2174	17	13	4
2175	17	13	4
2176	17	13	4
2177	17	13	4
2178	17	13	4
2179	17	13	4
2180	17	13	4
2181	17	13	4
2182	17	13	4
2183	17	13	4
2184	17	13	4
2185	17	13	4
2186	17	13	4
2187	17	13	4
2188	17	13	4
2189	17	13	4
2190	17	13	4
2191	17	13	4
2192	17	13	4
2193	17	13	4
2194	17	13	4
2195	17	13	4
2196	17	13	4
2197	17	13	4
2198	17	13	4
2199	17	13	4
2200	17	13	4
2201	17	13	4
2202	17	13	4
2203	17	13	4
2204	17	13	4
2205	17	13	4
2206	17	13	4
2207	17	13	4
2208	17	13	4
2209	17	13	4
2210	17	13	4
2211	17	13	4
2212	17	13	4
2213	17	13	4
2214	17	13	4
2215	17	13	4
2216	17	13	4
2217	17	13	4
2218	17	13	4
2219	17	13	4
2220	17	13	4
2221	17	13	4
2222	17	13	4
2223	17	13	4
2224	17	13	4
2225	17	13	4
2226	17	13	4
2227	17	13	4
2228	17	13	4
2229	17	13	4
2230	17	13	4
2231	17	13	4
2232	17	13	4
2233	17	13	4
2234	17	13	4
2235	17	13	4
2236	17	13	4
2237	17	13	4
2238	17	13	4
2239	17	13	4
2240	17	13	4
2241	17	13	4
2242	17	13	4
2243	17	13	4
2244	17	13	4
2245	17	13	4
2246	17	13	4
2247	17	13	4
2248	17	13	4
2249	17	13	4
2250	17	13	4
2251	17	13	4
2252	17	13	4
2253	17	13	4
2254	17	13	4
2255	17	13	4
2256	17	13	4
2257	17	13	4
2258	17	13	4
2259	17	13	4
2260	17	13	4
2261	17	13	4
2262	17	13	4
2263	17	13	4
2264	17	13	4
2265	17	13	4
2266	17	13	4
2267	17	13	4
2268	17	13	4
2269	17	13	4
2270	17	13	4
2271	17	13	4
2272	17	13	4
2273	17	13	4
2274	17	13	4
2275	17	13	4
2276	17	13	4
2277	17	13	4
2278	17	13	4
2279	17	13	4
2280	17	13	4
2281	17	13	4
2282	17	13	4
2283	17	13	4
2284	17	13	4
2285	17	13	4
2286	17	13	4
2287	17	13	4
2288	17	13	4
2289	17	13	4
2290	17	13	4
2291	17	13	4
2292	17	13	4
2293	17	13	4
2294	17	13	4
2295	17	13	4
2296	17	13	4
2297	17	13	4
2298	17	13	4
2299	17	13	4
2300	17	13	4
2301	17	13	4
2302	17	13	4
2303	17	13	4
2304	17	13	4
2305	17	13	4
2306	17	13	4
2307	17	13	4
2308	17	13	4
2309	18	13	5
2310	18	13	5
2311	18	13	5
2312	18	13	5
2313	18	13	5
2314	18	13	5
2315	18	13	5
2316	18	13	5
2317	18	13	5
2318	18	13	5
2319	18	13	5
2320	18	13	5
2321	18	13	5
2322	18	13	5
2323	18	13	5
2324	18	13	5
2325	18	13	5
2326	18	13	5
2327	18	13	5
2328	18	13	5
2329	18	13	5
2330	18	13	5
2331	18	13	5
2332	18	13	5
2333	18	13	5
2334	18	13	5
2335	18	13	5
2336	19	13	6
2337	19	13	6
2338	19	13	6
2339	19	13	6
2340	19	13	6
2341	19	13	6
2342	19	13	6
2343	19	13	6
2344	19	13	6
2345	19	13	6
2346	19	13	6
2347	19	13	6
2348	19	13	6
2349	19	13	6
2350	19	13	6
2351	19	13	6
2352	19	13	6
2353	19	13	6
2354	19	13	6
2355	19	13	6
2356	19	13	6
2357	19	13	6
2358	19	13	6
2359	19	13	6
2360	19	13	6
2361	19	13	6
2362	19	13	6
2363	19	13	6
2364	19	13	6
2365	19	13	6
2366	19	13	6
2367	19	13	6
2368	19	13	6
2369	19	13	6
2370	20	13	7
2371	20	13	7
2372	20	13	7
2373	20	13	7
2374	20	13	7
2375	20	13	7
2376	20	13	7
2377	20	13	7
2378	20	13	7
2379	20	13	7
2380	20	13	7
2381	20	13	7
2382	20	13	7
2383	20	13	7
2384	20	13	7
2385	20	13	7
2386	20	13	7
2387	20	13	7
2388	20	13	7
2389	20	13	7
2390	20	13	7
2391	20	13	7
2392	20	13	7
2393	20	13	7
2394	20	13	7
2395	20	13	7
2396	20	13	7
2397	20	13	7
2398	20	13	7
2399	20	13	7
2400	20	13	7
2401	20	13	7
2402	20	13	7
2403	20	13	7
2404	20	13	7
2405	20	13	7
2406	20	13	7
2407	20	13	7
2408	20	13	7
2409	20	13	7
2410	20	13	7
2411	20	13	7
2412	20	13	7
2413	20	13	7
2414	20	13	7
2415	20	13	7
2416	20	13	7
2417	20	13	7
2418	20	13	7
2419	20	13	7
2420	20	13	7
2421	20	13	7
2422	20	13	7
2423	20	13	7
2424	20	13	7
2425	20	13	7
2426	20	13	7
2427	20	13	7
2428	20	13	7
2429	20	13	7
2430	20	13	7
2431	20	13	7
2432	20	13	7
2433	20	13	7
2434	20	13	7
2435	20	13	7
2436	20	13	7
2437	20	13	7
2438	20	13	7
2439	20	13	7
2440	20	13	7
2441	20	13	7
2442	20	13	7
2443	20	13	7
2444	20	13	7
2445	20	13	7
2446	20	13	7
2447	20	13	7
2448	20	13	7
2449	20	13	7
2450	20	13	7
2451	20	13	7
2452	20	13	7
2453	20	13	7
2454	20	13	7
2455	20	13	7
2456	20	13	7
2457	20	13	7
2458	20	13	7
2459	20	13	7
2460	20	13	7
2461	20	13	7
2462	20	13	7
2463	20	13	7
2464	20	13	7
2465	20	13	7
2466	20	13	7
2467	20	13	7
2468	20	13	7
2469	20	13	7
2470	20	13	7
2471	20	13	7
2472	20	13	7
2473	20	13	7
2474	20	13	7
2475	20	13	7
2476	20	13	7
2477	20	13	7
2478	20	13	7
2479	20	13	7
2480	20	13	7
2481	20	13	7
2482	20	13	7
2483	20	13	7
2484	20	13	7
2485	20	13	7
2486	20	13	7
2487	20	13	7
2488	20	13	7
2489	20	13	7
2490	20	13	7
2491	20	13	7
2492	20	13	7
2493	20	13	7
2494	20	13	7
2495	20	13	7
2496	20	13	7
2497	20	13	7
2498	20	13	7
2499	20	13	7
2500	20	13	7
2501	20	13	7
2502	20	13	7
2503	20	13	7
2504	20	13	7
2505	20	13	7
2506	20	13	7
2507	20	13	7
2508	20	13	7
2509	20	13	7
2510	20	13	7
2511	20	13	7
2512	20	13	7
2513	20	13	7
2514	20	13	7
2515	20	13	7
2516	20	13	7
2517	20	13	7
2518	20	13	7
2519	20	13	7
2520	20	13	7
2521	20	13	7
2522	20	13	7
2523	20	13	7
2524	20	13	7
2525	20	13	7
2526	20	13	7
2527	20	13	7
2528	20	13	7
2529	20	13	7
2530	20	13	7
2531	20	13	7
2532	20	13	7
2533	20	13	7
2534	20	13	7
2535	20	13	7
2536	20	13	7
2537	20	13	7
2538	20	13	7
2539	20	13	7
2540	20	13	7
2541	20	13	7
2542	20	13	7
2543	20	13	7
2544	20	13	7
2545	20	13	7
2546	20	13	7
2547	20	13	7
2548	20	13	7
2549	20	13	7
2550	20	13	7
2551	20	13	7
2552	20	13	7
2553	20	13	7
2554	20	13	7
2555	20	13	7
2556	20	13	7
2557	20	13	7
2558	20	13	7
2559	20	13	7
2560	20	13	7
2561	20	13	7
2562	20	13	7
2563	20	13	7
2564	20	13	7
2565	20	13	7
2566	20	13	7
2567	20	13	7
2568	19	13	6
2569	19	13	6
2570	19	13	6
2571	19	13	6
2572	18	13	5
2573	18	13	5
2574	19	13	6
2575	19	14	5
2576	19	14	5
2577	19	14	5
2578	19	14	5
2579	19	14	5
2580	19	14	5
2581	19	14	5
2582	19	14	5
2583	19	14	5
2584	19	14	5
2585	19	14	5
2586	19	14	5
2587	19	14	5
2588	19	14	5
2589	19	14	5
2590	19	14	5
2591	19	14	5
2592	19	14	5
2593	19	14	5
2594	19	14	5
2595	19	14	5
2596	19	14	5
2597	19	14	5
2598	19	14	5
2599	19	14	5
2600	19	14	5
2601	19	14	5
2602	19	14	5
2603	19	14	5
2604	19	14	5
2605	19	14	5
2606	19	14	5
2607	19	14	5
2608	19	14	5
2609	19	14	5
2610	19	14	5
2611	19	14	5
2612	19	14	5
2613	19	14	5
2614	19	14	5
2615	19	14	5
2616	19	14	5
2617	19	14	5
2618	19	14	5
2619	19	14	5
2620	19	14	5
2621	19	14	5
2622	19	14	5
2623	19	14	5
2624	19	14	5
2625	19	14	5
2626	19	14	5
2627	19	14	5
2628	19	14	5
2629	19	14	5
2630	19	14	5
2631	19	14	5
2632	19	14	5
2633	19	14	5
2634	19	14	5
2635	19	14	5
2636	19	14	5
2637	19	14	5
2638	19	14	5
2639	19	14	5
2640	19	14	5
2641	19	14	5
2642	19	14	5
2643	19	14	5
2644	19	14	5
2645	19	14	5
2646	19	14	5
2647	19	14	5
2648	19	14	5
2649	19	14	5
2650	19	14	5
2651	19	14	5
2652	19	14	5
2653	19	14	5
2654	19	14	5
2655	19	14	5
2656	19	14	5
2657	18	14	4
2658	18	14	4
2659	18	14	4
2660	18	14	4
2661	18	14	4
2662	18	14	4
2663	18	14	4
2664	18	14	4
2665	18	14	4
2666	18	14	4
2667	18	14	4
2668	18	14	4
2669	18	14	4
2670	18	14	4
2671	18	14	4
2672	18	14	4
2673	18	14	4
2674	18	14	4
2675	18	14	4
2676	18	14	4
2677	18	14	4
2678	18	14	4
2679	18	14	4
2680	18	14	4
2681	18	14	4
2682	18	14	4
2683	18	14	4
2684	18	14	4
2685	18	14	4
2686	18	14	4
2687	18	14	4
2688	18	14	4
2689	18	14	4
2690	18	14	4
2691	18	14	4
2692	18	14	4
2693	18	14	4
2694	18	14	4
2695	18	14	4
2696	18	14	4
2697	18	14	4
2698	18	14	4
2699	18	14	4
2700	18	14	4
2701	18	14	4
2702	18	14	4
2703	18	14	4
2704	18	14	4
2705	19	14	5
2706	19	14	5
2707	19	14	5
2708	19	14	5
2709	19	14	5
2710	19	15	4
2711	19	15	4
2712	19	15	4
2713	19	15	4
2714	19	15	4
2715	19	15	4
2716	19	15	4
2717	19	15	4
2718	19	15	4
2719	19	15	4
2720	19	16	3
2721	19	16	3
2722	19	16	3
2723	19	16	3
2724	19	16	3
2725	19	16	3
2726	20	16	4
2727	20	16	4
2728	20	16	4
2729	20	16	4
2730	20	16	4
2731	20	16	4
2732	20	16	4
2733	20	16	4
2734	21	16	5
2735	21	16	5
2736	21	16	5
2737	21	16	5
2738	21	16	5
2739	21	16	5
2740	21	16	5
2741	21	16	5
2742	21	16	5
2743	21	16	5
2744	21	16	5
2745	21	16	5
2746	21	16	5
2747	21	16	5
2748	21	16	5
2749	21	16	5
2750	21	16	5
2751	21	16	5
2752	21	16	5
2753	21	16	5
2754	21	16	5
2755	21	16	5
2756	21	16	5
2757	21	16	5
2758	21	16	5
2759	21	16	5
2760	21	16	5
2761	21	16	5
2762	21	16	5
2763	21	16	5
2764	21	16	5
2765	21	16	5
2766	21	16	5
2767	21	16	5
2768	21	16	5
2769	21	16	5
2770	21	16	5
2771	21	16	5
2772	21	16	5
2773	21	16	5
2774	21	16	5
2775	21	16	5
2776	21	16	5
2777	21	16	5
2778	21	16	5
2779	21	16	5
2780	21	16	5
2781	21	16	5
2782	21	16	5
2783	21	16	5
2784	21	16	5
2785	21	16	5
2786	21	16	5
2787	21	16	5
2788	21	16	5
2789	21	16	5
2790	21	16	5
2791	21	16	5
2792	21	16	5
2793	21	16	5
2794	21	16	5
2795	21	16	5
2796	21	16	5
2797	21	16	5
2798	21	16	5
2799	21	16	5
2800	21	16	5
2801	21	16	5
2802	21	16	5
2803	21	16	5
2804	21	16	5
2805	21	16	5
2806	21	16	5
2807	21	16	5
2808	21	16	5
2809	21	16	5
2810	21	16	5
2811	21	16	5
2812	21	16	5
2813	21	16	5
2814	21	16	5
2815	21	16	5
2816	21	16	5
2817	21	16	5
2818	21	16	5
2819	21	15	6
2820	21	15	6
2821	21	15	6
2822	21	15	6
2823	21	15	6
2824	21	15	6
2825	21	15	6
2826	21	15	6
2827	21	15	6
2828	21	15	6
2829	21	15	6
2830	21	15	6
2831	21	15	6
2832	21	15	6
2833	21	15	6
2834	21	15	6
2835	21	15	6
2836	21	15	6
2837	21	15	6
2838	21	15	6
2839	21	15	6
2840	21	15	6
2841	21	15	6
2842	21	15	6
2843	21	15	6
2844	21	15	6
2845	21	15	6
2846	21	15	6
2847	21	15	6
2848	21	15	6
2849	21	15	6
2850	21	15	6
2851	21	15	6
2852	21	15	6
2853	21	15	6
2854	21	15	6
2855	21	15	6
2856	21	15	6
2857	21	15	6
2858	21	15	6
2859	21	15	6
2860	21	15	6
2861	21	15	6
2862	21	15	6
2863	21	15	6
2864	21	15	6
2865	21	15	6
2866	21	15	6
2867	21	15	6
2868	21	15	6
2869	21	15	6
2870	21	15	6
2871	21	15	6
2872	21	15	6
2873	21	15	6
2874	21	15	6
2875	21	15	6
2876	21	15	6
2877	21	15	6
2878	21	15	6
2879	21	15	6
2880	21	15	6
2881	21	15	6
2882	20	15	5
2883	20	15	5
2884	20	15	5
2885	20	15	5
2886	20	15	5
2887	20	15	5
2888	20	15	5
2889	20	15	5
2890	20	15	5
2891	20	15	5
2892	20	15	5
2893	20	15	5
2894	20	15	5
2895	20	15	5
2896	20	15	5
2897	20	15	5
2898	20	15	5
2899	20	15	5
2900	20	15	5
2901	20	15	5
2902	20	15	5
2903	20	15	5
2904	20	15	5
2905	20	15	5
2906	20	15	5
2907	20	15	5
2908	20	15	5
2909	20	15	5
2910	20	15	5
2911	20	15	5
2912	20	15	5
2913	20	15	5
2914	20	15	5
2915	20	15	5
2916	20	15	5
2917	20	15	5
2918	20	15	5
2919	20	15	5
2920	20	15	5
2921	20	15	5
2922	20	15	5
2923	20	15	5
2924	20	15	5
2925	20	15	5
2926	20	15	5
2927	20	15	5
2928	20	15	5
2929	20	15	5
2930	19	14	5
2931	19	14	5
2932	19	14	5
2933	19	14	5
2934	19	14	5
2935	19	14	5
2936	19	14	5
2937	19	14	5
2938	19	14	5
2939	19	14	5
2940	19	14	5
2941	19	14	5
2942	19	14	5
2943	19	14	5
2944	19	14	5
2945	19	14	5
2946	19	14	5
2947	19	14	5
2948	19	14	5
2949	19	14	5
2950	19	14	5
2951	19	14	5
2952	19	14	5
2953	19	14	5
2954	19	14	5
2955	19	14	5
2956	19	14	5
2957	19	14	5
2958	19	14	5
2959	19	14	5
2960	19	14	5
2961	19	14	5
2962	19	14	5
2963	19	14	5
2964	19	14	5
2965	19	14	5
2966	19	14	5
2967	19	14	5
2968	19	14	5
2969	19	14	5
2970	19	14	5
2971	19	14	5
2972	19	14	5
2973	19	14	5
2974	19	14	5
2975	19	14	5
2976	19	14	5
2977	19	14	5
2978	19	14	5
2979	19	14	5
2980	19	14	5
2981	19	14	5
2982	19	14	5
2983	19	14	5
2984	19	14	5
2985	19	14	5
2986	19	14	5
2987	19	14	5
2988	19	14	5
2989	19	14	5
2990	19	14	5
2991	19	14	5
2992	19	14	5
2993	19	14	5
2994	19	14	5
2995	19	14	5
2996	19	14	5
2997	19	14	5
2998	20	14	6
2999	20	14	6
3000	20	14	6
3001	20	14	6
3002	20	14	6
3003	20	14	6
3004	20	14	6
3005	20	14	6
3006	20	14	6
3007	20	14	6
3008	20	14	6
3009	20	14	6
3010	20	14	6
3011	20	14	6
3012	20	14	6
3013	20	14	6
3014	20	14	6
3015	20	14	6
3016	20	14	6
3017	20	14	6
3018	20	14	6
3019	20	14	6
3020	20	14	6
3021	20	14	6
3022	20	14	6
3023	20	14	6
3024	20	14	6
3025	20	14	6
3026	20	14	6
3027	20	14	6
3028	20	14	6
3029	20	14	6
3030	20	14	6
3031	20	14	6
3032	20	14	6
3033	20	14	6
3034	20	14	6
3035	20	14	6
3036	20	14	6
3037	20	14	6
3038	20	14	6
3039	20	14	6
3040	20	14	6
3041	20	14	6
3042	20	14	6
3043	20	14	6
3044	20	14	6
3045	20	14	6
3046	20	14	6
3047	20	14	6
3048	20	14	6
3049	20	14	6
3050	20	14	6
3051	20	14	6
3052	20	14	6
3053	20	14	6
3054	20	14	6
3055	20	14	6
3056	20	14	6
3057	20	14	6
3058	20	14	6
3059	20	14	6
3060	20	14	6
3061	20	14	6
3062	20	14	6
3063	20	14	6
3064	20	14	6
3065	20	14	6
3066	20	14	6
3067	20	14	6
3068	20	14	6
3069	20	14	6
3070	20	14	6
3071	20	14	6
3072	20	14	6
3073	20	14	6
3074	20	14	6
3075	20	14	6
3076	20	14	6
3077	20	14	6
3078	20	14	6
3079	20	14	6
3080	20	14	6
3081	20	14	6
3082	20	14	6
3083	20	14	6
3084	20	14	6
3085	20	14	6
3086	20	14	6
3087	20	14	6
3088	20	14	6
3089	20	14	6
3090	20	14	6
3091	20	14	6
3092	20	14	6
3093	20	14	6
3094	20	14	6
3095	20	14	6
3096	20	14	6
3097	20	14	6
3098	20	14	6
3099	20	14	6
3100	19	14	5
3101	19	14	5
3102	19	14	5
3103	19	14	5
3104	19	14	5
3105	19	14	5
3106	19	14	5
3107	19	14	5
3108	19	14	5
3109	19	14	5
3110	19	14	5
3111	19	14	5
3112	19	14	5
3113	19	14	5
3114	19	14	5
3115	19	14	5
3116	19	14	5
3117	19	14	5
3118	19	14	5
3119	19	14	5
3120	19	14	5
3121	19	14	5
3122	19	14	5
3123	19	14	5
3124	19	14	5
3125	19	14	5
3126	19	14	5
3127	19	14	5
3128	19	14	5
3129	19	14	5
3130	19	14	5
3131	19	14	5
3132	19	14	5
3133	19	14	5
3134	19	14	5
3135	19	14	5
3136	19	14	5
3137	19	14	5
3138	19	14	5
3139	19	14	5
3140	19	14	5
3141	19	14	5
3142	19	14	5
3143	19	14	5
3144	19	14	5
3145	19	14	5
3146	19	14	5
3147	19	14	5
3148	19	14	5
3149	19	14	5
3150	19	14	5
3151	19	14	5
3152	19	14	5
3153	19	14	5
3154	19	14	5
3155	19	14	5
3156	20	14	6
3157	20	14	6
3158	20	14	6
3159	20	14	6
3160	20	14	6
3161	20	14	6
3162	20	14	6
3163	20	14	6
3164	20	14	6
3165	20	14	6
3166	20	14	6
3167	20	14	6
3168	20	14	6
3169	20	14	6
3170	20	14	6
3171	20	14	6
3172	20	14	6
3173	20	14	6
3174	20	14	6
3175	20	14	6
3176	20	14	6
3177	20	14	6
3178	20	14	6
3179	20	14	6
3180	20	14	6
3181	20	14	6
3182	20	14	6
3183	20	14	6
3184	20	14	6
3185	20	14	6
3186	20	14	6
3187	20	14	6
3188	20	14	6
3189	20	14	6
3190	20	14	6
3191	20	14	6
3192	20	14	6
3193	20	14	6
3194	20	14	6
3195	20	14	6
3196	20	13	7
3197	20	13	7
3198	20	13	7
3199	20	13	7
3200	20	13	7
3201	20	13	7
3202	20	13	7
3203	20	13	7
3204	20	13	7
3205	20	13	7
3206	20	13	7
3207	20	13	7
3208	20	13	7
3209	20	13	7
3210	20	13	7
3211	20	13	7
3212	20	13	7
3213	20	13	7
3214	20	13	7
3215	20	13	7
3216	20	13	7
3217	20	13	7
3218	20	13	7
3219	20	13	7
3220	20	13	7
3221	20	13	7
3222	20	13	7
3223	20	13	7
3224	21	13	8
3225	21	13	8
3226	21	13	8
3227	21	13	8
3228	21	13	8
3229	21	13	8
3230	20	13	7
3231	20	13	7
3232	20	13	7
3233	20	13	7
3234	20	13	7
3235	20	13	7
3236	20	13	7
3237	20	13	7
3238	20	13	7
3239	20	13	7
3240	20	13	7
3241	21	13	8
3242	21	13	8
3243	21	13	8
3244	21	13	8
3245	21	13	8
3246	21	13	8
3247	21	13	8
3248	21	13	8
3249	21	13	8
3250	21	13	8
3251	21	13	8
3252	21	13	8
3253	21	13	8
3254	21	13	8
3255	21	13	8
3256	21	13	8
3257	21	13	8
3258	21	13	8
3259	21	13	8
3260	21	13	8
3261	21	13	8
3262	21	13	8
3263	21	13	8
3264	21	13	8
3265	21	13	8
3266	21	13	8
3267	21	13	8
3268	21	13	8
3269	21	13	8
3270	21	13	8
3271	21	13	8
3272	21	13	8
3273	21	13	8
3274	21	13	8
3275	21	13	8
3276	21	13	8
3277	21	13	8
3278	21	13	8
3279	21	13	8
3280	21	13	8
3281	21	13	8
3282	21	13	8
3283	21	13	8
3284	21	13	8
3285	21	13	8
3286	21	13	8
3287	21	13	8
3288	21	13	8
3289	21	13	8
3290	21	13	8
3291	21	13	8
3292	21	13	8
3293	21	13	8
3294	21	13	8
3295	21	13	8
3296	21	13	8
3297	21	13	8
3298	21	13	8
3299	21	13	8
3300	21	13	8
3301	21	13	8
3302	21	13	8
3303	21	13	8
3304	21	13	8
3305	21	13	8
3306	21	13	8
3307	21	13	8
3308	21	13	8
3309	21	13	8
3310	21	13	8
3311	21	13	8
3312	21	13	8
3313	21	13	8
3314	21	13	8
3315	21	13	8
3316	21	13	8
3317	21	13	8
3318	20	13	7
3319	20	13	7
3320	20	13	7
3321	20	13	7
3322	21	13	8
3323	21	13	8
3324	21	13	8
3325	21	13	8
3326	21	13	8
3327	21	13	8
3328	21	13	8
3329	21	13	8
3330	21	13	8
3331	21	13	8
3332	21	13	8
3333	21	13	8
3334	21	13	8
3335	21	13	8
3336	21	13	8
3337	21	13	8
3338	21	13	8
3339	21	13	8
3340	21	13	8
3341	21	13	8
3342	21	13	8
3343	21	13	8
3344	21	13	8
3345	21	13	8
3346	21	13	8
3347	21	13	8
3348	21	13	8
3349	21	13	8
3350	21	13	8
3351	21	13	8
3352	21	13	8
3353	21	13	8
3354	21	13	8
3355	21	13	8
3356	21	13	8
3357	21	13	8
3358	21	13	8
3359	21	13	8
3360	21	13	8
3361	21	13	8
3362	21	13	8
3363	21	13	8
3364	21	13	8
3365	21	13	8
3366	21	13	8
3367	21	13	8
3368	21	13	8
3369	21	13	8
3370	21	13	8
3371	21	13	8
3372	21	13	8
3373	21	13	8
3374	21	13	8
3375	21	13	8
3376	21	13	8
3377	21	13	8
3378	21	13	8
3379	21	13	8
3380	21	13	8
3381	21	13	8
3382	21	13	8
3383	21	13	8
3384	21	13	8
3385	21	13	8
3386	21	13	8
3387	21	13	8
3388	21	13	8
3389	21	13	8
3390	21	13	8
3391	21	13	8
3392	21	13	8
3393	21	13	8
3394	21	13	8
3395	21	13	8
3396	21	13	8
3397	21	13	8
3398	21	13	8
3399	21	13	8
3400	21	13	8
3401	21	14	7
3402	21	14	7
3403	21	14	7
3404	21	14	7
3405	21	14	7
3406	21	14	7
3407	21	14	7
3408	21	14	7
3409	21	14	7
3410	21	14	7
3411	21	14	7
3412	21	14	7
3413	21	14	7
3414	21	14	7
3415	21	15	6
3416	21	16	5
3417	21	16	5
3418	21	16	5
3419	21	16	5
3420	21	16	5
3421	21	16	5
3422	21	16	5
3423	21	16	5
3424	21	16	5
3425	21	16	5
3426	21	16	5
3427	21	16	5
3428	21	16	5
3429	21	16	5
3430	21	16	5
3431	21	16	5
3432	21	16	5
3433	21	16	5
3434	21	16	5
3435	21	16	5
3436	21	16	5
3437	21	16	5
3438	21	16	5
3439	21	16	5
3440	21	16	5
3441	21	16	5
3442	21	16	5
3443	21	16	5
3444	21	16	5
3445	20	16	4
3446	21	16	5
3447	20	16	4
3448	20	16	4
3449	20	16	4
3450	20	16	4
3451	20	16	4
3452	20	16	4
3453	20	16	4
3454	20	16	4
3455	20	16	4
3456	20	16	4
3457	20	16	4
3458	20	16	4
3459	20	16	4
3460	20	16	4
3461	20	16	4
3462	20	16	4
3463	20	16	4
3464	20	16	4
3465	20	16	4
3466	20	16	4
3467	20	16	4
3468	20	16	4
3469	20	16	4
3470	20	16	4
3471	20	16	4
3472	20	16	4
3473	20	16	4
3474	20	16	4
3475	20	16	4
3476	20	16	4
3477	20	16	4
3478	20	16	4
3479	20	16	4
3480	20	16	4
3481	20	16	4
3482	20	16	4
3483	20	16	4
3484	20	16	4
3485	20	16	4
3486	20	16	4
3487	20	16	4
3488	20	16	4
3489	20	16	4
3490	20	16	4
3491	20	16	4
3492	20	16	4
3493	20	16	4
3494	20	16	4
3495	20	16	4
3496	20	16	4
3497	20	16	4
3498	20	16	4
3499	20	16	4
3500	20	16	4
3501	20	16	4
3502	20	16	4
3503	20	16	4
3504	20	16	4
3505	20	16	4
3506	20	16	4
3507	20	16	4
3508	20	16	4
3509	20	16	4
3510	20	16	4
3511	20	16	4
3512	20	16	4
3513	20	16	4
3514	20	16	4
3515	20	16	4
3516	20	16	4
3517	20	16	4
3518	20	16	4
3519	20	16	4
3520	20	16	4
3521	20	16	4
3522	20	16	4
3523	20	16	4
3524	20	16	4
3525	20	16	4
3526	20	16	4
3527	20	16	4
3528	20	16	4
3529	20	16	4
3530	20	16	4
3531	20	16	4
3532	20	16	4
3533	20	16	4
3534	20	16	4
3535	20	16	4
3536	20	16	4
3537	20	16	4
3538	20	16	4
3539	20	16	4
3540	20	16	4
3541	20	17	3
3542	20	17	3
3543	20	18	2
3544	20	18	2
3545	20	18	2
3546	20	18	2
3547	20	18	2
3548	20	18	2
3549	20	18	2
3550	20	18	2
3551	20	18	2
3552	20	18	2
3553	20	18	2
3554	20	18	2
3555	20	18	2
3556	20	18	2
3557	20	18	2
3558	20	18	2
3559	20	18	2
3560	20	18	2
3561	20	18	2
3562	20	18	2
3563	20	18	2
3564	20	18	2
3565	20	18	2
3566	20	18	2
3567	20	18	2
3568	20	18	2
3569	20	18	2
3570	20	18	2
3571	20	18	2
3572	20	18	2
3573	20	18	2
3574	20	18	2
3575	20	18	2
3576	20	18	2
3577	20	18	2
3578	20	18	2
3579	20	18	2
3580	20	18	2
3581	20	18	2
3582	20	18	2
3583	20	18	2
3584	20	18	2
3585	20	18	2
3586	20	18	2
3587	20	18	2
3588	20	18	2
3589	20	18	2
3590	20	18	2
3591	20	18	2
3592	20	18	2
3593	20	18	2
3594	20	18	2
3595	20	18	2
3596	20	18	2
3597	20	18	2
3598	20	18	2
3599	20	18	2
3600	20	18	2
3601	20	18	2
3602	20	18	2
3603	20	18	2
3604	20	18	2
3605	20	18	2
3606	20	18	2
3607	20	18	2
3608	20	18	2
3609	20	18	2
3610	20	18	2
3611	20	18	2
3612	20	18	2
3613	21	18	3
3614	21	18	3
3615	21	18	3
3616	21	18	3
3617	21	18	3
3618	21	18	3
3619	21	18	3
3620	21	18	3
3621	21	18	3
3622	21	18	3
3623	21	18	3
3624	21	18	3
3625	21	18	3
3626	21	18	3
3627	21	18	3
3628	21	18	3
3629	21	18	3
3630	21	18	3
3631	21	18	3
3632	21	18	3
3633	21	18	3
3634	21	18	3
3635	21	18	3
3636	21	18	3
3637	21	18	3
3638	21	18	3
3639	21	18	3
3640	21	18	3
3641	21	18	3
3642	21	18	3
3643	21	18	3
3644	21	18	3
3645	21	18	3
3646	21	18	3
3647	21	18	3
3648	21	18	3
3649	21	18	3
3650	21	18	3
3651	21	18	3
3652	21	18	3
3653	21	18	3
3654	21	18	3
3655	21	18	3
3656	21	18	3
3657	21	18	3
3658	21	18	3
3659	21	18	3
3660	21	18	3
3661	21	18	3
3662	21	18	3
3663	21	18	3
3664	21	18	3
3665	21	18	3
3666	21	18	3
3667	21	18	3
3668	21	18	3
3669	21	18	3
3670	21	18	3
3671	21	18	3
3672	21	18	3
3673	21	18	3
3674	21	18	3
3675	21	18	3
3676	21	18	3
3677	21	18	3
3678	21	18	3
3679	21	18	3
3680	21	18	3
3681	21	18	3
3682	21	18	3
3683	21	18	3
3684	21	18	3
3685	21	18	3
3686	21	18	3
3687	21	18	3
3688	21	18	3
3689	21	18	3
3690	21	18	3
3691	21	18	3
3692	21	18	3
3693	21	18	3
3694	21	18	3
3695	21	18	3
3696	21	18	3
3697	21	18	3
3698	21	18	3
3699	21	18	3
3700	21	18	3
3701	21	18	3
3702	21	18	3
3703	21	18	3
3704	21	18	3
3705	21	18	3
3706	21	18	3
3707	21	18	3
3708	21	18	3
3709	21	18	3
3710	21	18	3
3711	21	18	3
3712	21	18	3
3713	21	18	3
3714	21	18	3
3715	21	18	3
3716	21	18	3
3717	21	18	3
3718	21	18	3
3719	21	18	3
3720	21	18	3
3721	21	18	3
3722	21	18	3
3723	21	18	3
3724	21	18	3
3725	21	18	3
3726	21	18	3
3727	21	18	3
3728	21	18	3
3729	21	18	3
3730	21	18	3
3731	21	18	3
3732	21	18	3
3733	21	18	3
3734	21	18	3
3735	21	18	3
3736	21	18	3
3737	21	18	3
3738	21	18	3
3739	21	18	3
3740	21	18	3
3741	21	18	3
3742	21	18	3
3743	21	18	3
3744	21	18	3
3745	21	18	3
3746	21	18	3
3747	21	18	3
3748	21	18	3
3749	21	18	3
3750	21	18	3
3751	21	18	3
3752	21	18	3
3753	21	18	3
3754	21	18	3
3755	21	18	3
3756	21	18	3
3757	21	18	3
3758	21	18	3
3759	21	18	3
3760	21	18	3
3761	21	18	3
3762	21	18	3
3763	21	18	3
3764	21	18	3
3765	21	18	3
3766	21	18	3
3767	21	18	3
3768	21	18	3
3769	21	18	3
3770	21	18	3
3771	21	18	3
3772	21	18	3
3773	21	18	3
3774	21	18	3
3775	21	18	3
3776	21	18	3
3777	21	18	3
3778	21	18	3
3779	21	18	3
3780	21	18	3
3781	21	18	3
3782	21	18	3
3783	21	18	3
3784	21	18	3
3785	21	18	3
3786	21	18	3
3787	21	18	3
3788	21	18	3
3789	21	18	3
3790	21	18	3
3791	21	18	3
3792	21	18	3
3793	21	18	3
3794	21	18	3
3795	21	18	3
3796	21	18	3
3797	21	18	3
3798	21	18	3
3799	21	18	3
3800	21	18	3
3801	21	18	3
3802	21	18	3
3803	21	18	3
3804	21	18	3
3805	21	18	3
3806	21	18	3
3807	21	18	3
3808	21	18	3
3809	21	18	3
3810	21	18	3
3811	21	18	3
3812	21	18	3
3813	21	18	3
3814	21	18	3
3815	21	18	3
3816	21	18	3
3817	21	18	3
3818	21	18	3
3819	21	18	3
3820	21	18	3
3821	21	18	3
3822	21	18	3
3823	22	18	4
3824	22	18	4
3825	22	18	4
3826	22	18	4
3827	22	18	4
3828	22	18	4
3829	22	18	4
3830	22	18	4
3831	22	18	4
3832	22	18	4
3833	22	18	4
3834	22	18	4
3835	22	18	4
3836	22	18	4
3837	22	18	4
3838	22	18	4
3839	22	18	4
3840	22	18	4
3841	22	18	4
3842	22	18	4
3843	22	18	4
3844	22	18	4
3845	22	18	4
3846	22	18	4
3847	22	18	4
3848	22	18	4
3849	22	18	4
3850	22	18	4
3851	22	18	4
3852	22	18	4
3853	22	18	4
3854	22	18	4
3855	22	18	4
3856	22	18	4
3857	22	18	4
3858	22	18	4
3859	22	18	4
3860	22	18	4
3861	22	18	4
3862	22	18	4
3863	22	18	4
3864	22	18	4
3865	22	18	4
3866	22	18	4
3867	22	18	4
3868	22	18	4
3869	22	18	4
3870	22	18	4
3871	22	18	4
3872	22	18	4
3873	22	18	4
3874	22	18	4
3875	22	18	4
3876	22	18	4
3877	22	18	4
3878	22	18	4
3879	22	18	4
3880	22	18	4
3881	22	18	4
3882	22	18	4
3883	22	18	4
3884	22	18	4
3885	22	18	4
3886	22	18	4
3887	22	18	4
3888	22	18	4
3889	22	18	4
3890	22	18	4
3891	22	18	4
3892	22	18	4
3893	22	18	4
3894	22	18	4
3895	22	18	4
3896	22	18	4
3897	22	18	4
3898	22	18	4
3899	22	18	4
3900	22	18	4
3901	22	18	4
3902	22	18	4
3903	22	18	4
3904	22	18	4
3905	22	18	4
3906	22	18	4
3907	22	18	4
3908	22	18	4
3909	22	18	4
3910	22	18	4
3911	22	18	4
3912	22	18	4
3913	22	18	4
3914	22	18	4
3915	22	18	4
3916	22	18	4
3917	22	18	4
3918	22	18	4
3919	22	18	4
3920	22	18	4
3921	22	18	4
3922	22	18	4
3923	22	18	4
3924	22	18	4
3925	22	18	4
3926	22	18	4
3927	22	18	4
3928	22	18	4
3929	22	18	4
3930	22	18	4
3931	22	18	4
3932	22	18	4
3933	22	18	4
3934	22	18	4
3935	22	18	4
3936	22	18	4
3937	22	18	4
3938	22	18	4
3939	22	18	4
3940	22	18	4
3941	22	18	4
3942	22	18	4
3943	22	18	4
3944	22	18	4
3945	22	18	4
3946	22	18	4
3947	22	18	4
3948	22	18	4
3949	22	18	4
3950	22	18	4
3951	22	18	4
3952	22	18	4
3953	22	18	4
3954	22	18	4
3955	22	18	4
3956	22	18	4
3957	22	18	4
3958	22	18	4
3959	22	18	4
3960	22	18	4
3961	22	18	4
3962	22	18	4
3963	22	18	4
3964	22	18	4
3965	22	18	4
3966	22	18	4
3967	22	18	4
3968	22	18	4
3969	22	18	4
3970	22	18	4
3971	22	18	4
3972	22	18	4
3973	22	18	4
3974	22	18	4
3975	22	18	4
3976	22	18	4
3977	22	18	4
3978	22	18	4
3979	22	18	4
3980	22	18	4
3981	22	18	4
3982	22	18	4
3983	22	18	4
3984	22	18	4
3985	22	18	4
3986	22	18	4
3987	22	18	4
3988	22	18	4
3989	22	18	4
3990	22	18	4
3991	22	18	4
3992	22	18	4
3993	22	18	4
3994	22	18	4
3995	22	18	4
3996	22	18	4
3997	22	18	4
3998	22	18	4
3999	22	18	4
4000	22	18	4
4001	22	18	4
4002	22	18	4
4003	22	18	4
4004	22	18	4
4005	22	18	4
4006	22	18	4
4007	22	18	4
4008	22	18	4
4009	22	18	4
4010	22	18	4
4011	22	18	4
4012	22	18	4
4013	22	18	4
4014	22	18	4
4015	22	18	4
4016	22	18	4
4017	22	18	4
4018	22	18	4
4019	22	18	4
4020	22	18	4
4021	22	18	4
4022	22	18	4
4023	22	18	4
4024	22	18	4
4025	22	18	4
4026	22	18	4
4027	22	18	4
4028	22	18	4
4029	22	18	4
4030	22	18	4
4031	22	18	4
4032	22	18	4
4033	22	18	4
4034	22	18	4
4035	22	18	4
4036	22	18	4
4037	22	18	4
4038	22	18	4
4039	22	18	4
4040	22	18	4
4041	22	18	4
4042	22	18	4
4043	22	18	4
4044	22	18	4
4045	22	18	4
4046	22	18	4
4047	22	18	4
4048	22	18	4
4049	22	18	4
4050	22	18	4
4051	22	18	4
4052	22	18	4
4053	22	18	4
4054	22	18	4
4055	22	18	4
4056	22	18	4
4057	22	18	4
4058	22	18	4
4059	22	18	4
4060	22	18	4
4061	22	18	4
4062	22	18	4
4063	22	18	4
4064	22	18	4
4065	22	18	4
4066	22	18	4
4067	22	18	4
4068	22	18	4
4069	22	18	4
4070	22	18	4
4071	22	18	4
4072	22	18	4
4073	22	18	4
4074	22	18	4
4075	22	18	4
4076	22	18	4
4077	22	18	4
4078	22	18	4
4079	22	18	4
4080	22	18	4
4081	22	18	4
4082	22	18	4
4083	22	18	4
4084	22	18	4
4085	22	18	4
4086	22	18	4
4087	22	18	4
4088	22	18	4
4089	22	18	4
4090	22	18	4
4091	22	18	4
4092	22	18	4
4093	22	18	4
4094	22	18	4
4095	22	18	4
4096	22	18	4
4097	22	18	4
4098	22	18	4
4099	22	18	4
4100	22	18	4
4101	22	18	4
4102	22	18	4
4103	22	18	4
4104	22	18	4
4105	22	18	4
4106	22	18	4
4107	22	18	4
4108	22	18	4
4109	22	18	4
4110	22	18	4
4111	22	18	4
4112	22	18	4
4113	22	18	4
4114	22	18	4
4115	22	18	4
4116	22	18	4
4117	22	18	4
4118	22	18	4
4119	22	18	4
4120	22	18	4
4121	22	18	4
4122	22	18	4
4123	22	18	4
4124	22	18	4
4125	22	18	4
4126	22	18	4
4127	22	18	4
4128	22	18	4
4129	22	18	4
4130	22	18	4
4131	22	18	4
4132	22	18	4
4133	22	18	4
4134	22	18	4
4135	22	18	4
4136	22	18	4
4137	22	18	4
4138	22	18	4
4139	22	18	4
4140	22	18	4
4141	22	18	4
4142	22	18	4
4143	22	18	4
4144	22	18	4
4145	22	18	4
4146	22	18	4
4147	22	18	4
4148	22	18	4
4149	22	18	4
4150	22	18	4
4151	22	18	4
4152	22	18	4
4153	22	18	4
4154	22	18	4
4155	22	18	4
4156	22	18	4
4157	22	18	4
4158	22	18	4
4159	22	18	4
4160	22	18	4
4161	22	18	4
4162	22	18	4
4163	22	18	4
4164	22	18	4
4165	22	18	4
4166	22	18	4
4167	22	18	4
4168	22	18	4
4169	22	18	4
4170	22	18	4
4171	22	18	4
4172	22	18	4
4173	22	18	4
4174	22	18	4
4175	22	18	4
4176	22	18	4
4177	22	18	4
4178	22	18	4
4179	22	18	4
4180	22	18	4
4181	22	18	4
4182	22	18	4
4183	22	18	4
4184	22	18	4
4185	22	18	4
4186	22	18	4
4187	22	18	4
4188	22	18	4
4189	22	18	4
4190	22	18	4
4191	22	18	4
4192	22	18	4
4193	22	18	4
4194	22	18	4
4195	22	18	4
4196	22	18	4
4197	22	18	4
4198	22	18	4
4199	22	18	4
4200	22	18	4
4201	22	18	4
4202	22	18	4
4203	22	18	4
4204	22	18	4
4205	22	18	4
4206	22	18	4
4207	22	18	4
4208	22	18	4
4209	22	18	4
4210	22	18	4
4211	22	18	4
4212	22	18	4
4213	22	18	4
4214	22	18	4
4215	22	18	4
4216	22	18	4
4217	22	18	4
4218	22	18	4
4219	22	18	4
4220	22	18	4
4221	22	18	4
4222	22	18	4
4223	22	18	4
4224	22	18	4
4225	22	18	4
4226	22	18	4
4227	22	18	4
4228	22	18	4
4229	22	18	4
4230	22	18	4
4231	22	18	4
4232	22	18	4
4233	22	18	4
4234	22	18	4
4235	22	18	4
4236	22	18	4
4237	22	18	4
4238	22	18	4
4239	22	18	4
4240	22	18	4
4241	22	18	4
4242	22	18	4
4243	22	18	4
4244	22	18	4
4245	22	18	4
4246	22	18	4
4247	22	18	4
4248	22	18	4
4249	22	18	4
4250	22	18	4
4251	22	18	4
4252	22	18	4
4253	22	18	4
4254	22	18	4
4255	22	18	4
4256	22	18	4
4257	22	18	4
4258	22	18	4
4259	22	18	4
4260	22	18	4
4261	22	18	4
4262	22	18	4
4263	22	18	4
4264	22	18	4
4265	22	18	4
4266	22	18	4
4267	22	18	4
4268	22	18	4
4269	22	18	4
4270	22	18	4
4271	22	18	4
4272	22	18	4
4273	22	18	4
4274	22	18	4
4275	22	18	4
4276	22	18	4
4277	22	18	4
4278	22	18	4
4279	22	18	4
4280	22	18	4
4281	22	18	4
4282	22	18	4
4283	22	18	4
4284	22	18	4
4285	22	18	4
4286	22	18	4
4287	22	18	4
4288	22	18	4
4289	22	18	4
4290	22	18	4
4291	22	18	4
4292	22	18	4
4293	22	18	4
4294	22	18	4
4295	22	18	4
4296	22	18	4
4297	22	18	4
4298	22	18	4
4299	22	18	4
4300	22	18	4
4301	22	18	4
4302	22	18	4
4303	22	18	4
4304	22	18	4
4305	22	18	4
4306	22	18	4
4307	22	18	4
4308	22	18	4
4309	22	18	4
4310	22	18	4
4311	22	18	4
4312	22	18	4
4313	22	18	4
4314	22	18	4
4315	22	18	4
4316	22	18	4
4317	22	18	4
4318	22	18	4
4319	22	18	4
4320	22	18	4
4321	22	18	4
4322	22	18	4
4323	22	18	4
4324	22	18	4
4325	22	18	4
4326	22	18	4
4327	22	18	4
4328	22	18	4
4329	22	18	4
4330	22	18	4
4331	22	18	4
4332	22	18	4
4333	22	18	4
4334	22	18	4
4335	22	18	4
4336	22	18	4
4337	22	18	4
4338	22	18	4
4339	22	18	4
4340	22	18	4
4341	22	18	4
4342	22	18	4
4343	22	18	4
4344	22	18	4
4345	22	18	4
4346	22	18	4
4347	22	18	4
4348	22	18	4
4349	22	18	4
4350	22	18	4
4351	22	18	4
4352	22	18	4
4353	22	18	4
4354	22	18	4
4355	22	18	4
4356	22	18	4
4357	22	18	4
4358	22	18	4
4359	22	18	4
4360	22	18	4
4361	22	18	4
4362	22	18	4
4363	22	18	4
4364	22	18	4
4365	22	18	4
4366	22	18	4
4367	22	18	4
4368	22	18	4
4369	22	18	4
4370	22	18	4
4371	22	18	4
4372	22	18	4
4373	22	18	4
4374	22	18	4
4375	22	18	4
4376	22	18	4
4377	22	18	4
4378	22	18	4
4379	22	18	4
4380	22	18	4
4381	22	18	4
4382	22	18	4
4383	22	18	4
4384	22	18	4
4385	22	18	4
4386	22	18	4
4387	22	18	4
4388	22	18	4
4389	22	18	4
4390	22	18	4
4391	22	18	4
4392	22	18	4
4393	22	18	4
4394	22	18	4
4395	22	18	4
4396	22	18	4
4397	22	18	4
4398	22	18	4
4399	22	18	4
4400	22	18	4
4401	22	18	4
4402	22	18	4
4403	22	18	4
4404	22	18	4
4405	22	18	4
4406	22	18	4
4407	22	18	4
4408	22	18	4
4409	22	18	4
4410	22	18	4
4411	22	18	4
4412	22	18	4
4413	22	18	4
4414	22	18	4
4415	22	18	4
4416	22	18	4
4417	22	18	4
4418	22	18	4
4419	22	18	4
4420	22	18	4
4421	22	18	4
4422	22	18	4
4423	22	18	4
4424	22	18	4
4425	22	18	4
4426	22	18	4
4427	22	18	4
4428	22	18	4
4429	22	18	4
4430	22	18	4
4431	22	18	4
4432	22	18	4
4433	22	18	4
4434	22	18	4
4435	22	18	4
4436	22	18	4
4437	22	18	4
4438	22	18	4
4439	22	18	4
4440	22	18	4
4441	22	18	4
4442	22	18	4
4443	22	18	4
4444	22	18	4
4445	22	18	4
4446	22	18	4
4447	22	18	4
4448	22	18	4
4449	22	18	4
4450	22	18	4
4451	22	18	4
4452	22	18	4
4453	22	18	4
4454	22	18	4
4455	22	18	4
4456	22	18	4
4457	22	18	4
4458	22	18	4
4459	22	18	4
4460	22	18	4
4461	22	18	4
4462	22	18	4
4463	22	18	4
4464	22	18	4
4465	22	18	4
4466	22	18	4
4467	22	18	4
4468	22	18	4
4469	22	18	4
4470	22	18	4
4471	22	18	4
4472	22	18	4
4473	22	18	4
4474	22	18	4
4475	22	18	4
4476	22	18	4
4477	22	18	4
4478	22	18	4
4479	22	18	4
4480	22	18	4
4481	22	18	4
4482	22	18	4
4483	22	18	4
4484	22	18	4
4485	22	18	4
4486	22	18	4
4487	22	18	4
4488	22	18	4
4489	22	18	4
4490	22	18	4
4491	22	18	4
4492	22	18	4
4493	22	18	4
4494	22	18	4
4495	22	18	4
4496	22	18	4
4497	22	18	4
4498	22	18	4
4499	22	18	4
4500	22	18	4
4501	22	18	4
4502	22	18	4
4503	22	18	4
4504	22	18	4
4505	22	18	4
4506	22	18	4
4507	22	18	4
4508	22	18	4
4509	22	18	4
4510	22	18	4
4511	22	18	4
4512	22	18	4
4513	22	18	4
4514	22	18	4
4515	22	18	4
4516	22	18	4
4517	22	18	4
4518	22	18	4
4519	22	18	4
4520	22	18	4
4521	22	18	4
4522	22	18	4
4523	22	18	4
4524	22	18	4
4525	22	18	4
4526	22	18	4
4527	22	18	4
4528	22	18	4
4529	22	18	4
4530	22	18	4
4531	22	18	4
4532	22	18	4
4533	22	18	4
4534	22	18	4
4535	22	18	4
4536	22	18	4
4537	22	18	4
4538	22	18	4
4539	22	18	4
4540	22	18	4
4541	22	18	4
4542	22	18	4
4543	22	18	4
4544	22	18	4
4545	22	18	4
4546	22	18	4
4547	22	18	4
4548	22	18	4
4549	22	18	4
4550	22	18	4
4551	22	18	4
4552	22	18	4
4553	22	18	4
4554	22	18	4
4555	22	18	4
4556	22	18	4
4557	22	18	4
4558	22	18	4
4559	22	18	4
4560	22	18	4
4561	22	18	4
4562	22	18	4
4563	22	18	4
4564	22	18	4
4565	22	18	4
4566	22	18	4
4567	22	18	4
4568	22	18	4
4569	22	18	4
4570	22	18	4
4571	22	18	4
4572	22	18	4
4573	22	18	4
4574	22	18	4
4575	22	18	4
4576	22	18	4
4577	22	18	4
4578	22	18	4
4579	22	18	4
4580	22	18	4
4581	22	18	4
4582	22	18	4
4583	22	18	4
4584	22	18	4
4585	22	18	4
4586	22	18	4
4587	22	18	4
4588	22	18	4
4589	22	18	4
4590	22	18	4
4591	22	18	4
4592	22	18	4
4593	22	18	4
4594	22	18	4
4595	22	18	4
4596	22	18	4
4597	22	18	4
4598	22	18	4
4599	22	18	4
4600	22	18	4
4601	22	18	4
4602	22	18	4
4603	22	18	4
4604	22	18	4
4605	22	18	4
4606	22	18	4
4607	22	18	4
4608	22	18	4
4609	22	18	4
4610	22	18	4
4611	22	18	4
4612	22	18	4
4613	22	18	4
4614	22	18	4
4615	22	18	4
4616	22	18	4
4617	22	18	4
4618	22	18	4
4619	22	18	4
4620	22	18	4
4621	22	18	4
4622	22	18	4
4623	22	18	4
4624	22	18	4
4625	22	18	4
4626	22	18	4
4627	22	18	4
4628	22	18	4
4629	22	18	4
4630	22	18	4
4631	22	18	4
4632	22	18	4
4633	22	18	4
4634	22	18	4
4635	22	18	4
4636	22	18	4
4637	22	18	4
4638	22	18	4
4639	22	18	4
4640	22	18	4
4641	22	18	4
4642	22	18	4
4643	22	18	4
4644	22	18	4
4645	22	18	4
4646	22	18	4
4647	22	18	4
4648	22	18	4
4649	22	18	4
4650	22	18	4
4651	22	18	4
4652	22	18	4
4653	22	18	4
4654	22	18	4
4655	22	18	4
4656	22	18	4
4657	22	18	4
4658	22	18	4
4659	22	18	4
4660	22	18	4
4661	22	18	4
4662	22	18	4
4663	22	18	4
4664	22	18	4
4665	22	18	4
4666	22	18	4
4667	22	18	4
4668	22	18	4
4669	22	18	4
4670	22	18	4
4671	22	18	4
4672	22	18	4
4673	22	18	4
4674	22	18	4
4675	22	18	4
4676	22	18	4
4677	22	18	4
4678	22	18	4
4679	22	18	4
4680	22	18	4
4681	22	18	4
4682	22	18	4
4683	22	18	4
4684	22	18	4
4685	22	18	4
4686	22	18	4
4687	22	18	4
4688	22	18	4
4689	22	18	4
4690	22	18	4
4691	22	18	4
4692	22	18	4
4693	22	18	4
4694	22	18	4
4695	22	18	4
4696	22	18	4
4697	22	18	4
4698	22	18	4
4699	22	18	4
4700	22	18	4
4701	22	18	4
4702	22	18	4
4703	22	18	4
4704	22	18	4
4705	22	18	4
4706	22	18	4
4707	22	18	4
4708	22	18	4
4709	22	18	4
4710	22	18	4
4711	22	18	4
4712	22	18	4
4713	22	18	4
4714	22	18	4
4715	22	18	4
4716	22	18	4
4717	22	18	4
4718	22	18	4
4719	22	18	4
4720	22	18	4
4721	22	18	4
4722	22	18	4
4723	22	18	4
4724	22	18	4
4725	22	18	4
4726	22	18	4
4727	22	18	4
4728	22	18	4
4729	22	18	4
4730	22	18	4
4731	22	18	4
4732	22	18	4
4733	22	18	4
4734	22	18	4
4735	22	18	4
4736	22	18	4
4737	22	18	4
4738	22	18	4
4739	22	18	4
4740	22	18	4
4741	22	18	4
4742	22	18	4
4743	22	18	4
4744	22	18	4
4745	22	18	4
4746	22	18	4
4747	22	18	4
4748	22	18	4
4749	22	18	4
4750	22	18	4
4751	22	18	4
4752	22	18	4
4753	22	18	4
4754	22	18	4
4755	22	18	4
4756	22	18	4
4757	22	18	4
4758	22	18	4
4759	22	18	4
4760	22	18	4
4761	22	18	4
4762	22	18	4
4763	22	18	4
4764	22	18	4
4765	22	18	4
4766	22	18	4
4767	22	18	4
4768	22	18	4
4769	22	18	4
4770	22	18	4
4771	22	18	4
4772	22	18	4
4773	22	18	4
4774	22	18	4
4775	22	18	4
4776	22	18	4
4777	22	18	4
4778	22	18	4
4779	22	18	4
4780	22	18	4
4781	22	18	4
4782	22	18	4
4783	22	18	4
4784	22	18	4
4785	22	18	4
4786	22	18	4
4787	22	18	4
4788	22	18	4
4789	22	18	4
4790	22	18	4
4791	22	18	4
4792	22	18	4
4793	22	18	4
4794	22	18	4
4795	22	18	4
4796	22	18	4
4797	22	18	4
4798	22	18	4
4799	22	18	4
4800	22	18	4
4801	22	18	4
4802	22	18	4
4803	22	18	4
4804	22	18	4
4805	22	18	4
4806	22	18	4
4807	22	18	4
4808	22	18	4
4809	22	18	4
4810	22	18	4
4811	22	18	4
4812	22	18	4
4813	22	18	4
4814	22	18	4
4815	22	18	4
4816	22	18	4
4817	22	18	4
4818	22	18	4
4819	22	18	4
4820	22	18	4
4821	22	18	4
4822	22	18	4
4823	22	18	4
4824	22	18	4
4825	22	18	4
4826	22	18	4
4827	22	18	4
4828	22	18	4
4829	22	18	4
4830	22	18	4
4831	22	18	4
4832	22	18	4
4833	22	18	4
