#Clock	Robots	Obstacles	Score
1	0	0	0
2	0	0	0
3	0	0	0
4	0	0	0
5	0	0	0
6	0	0	0
7	0	0	0
8	0	0	0
9	0	0	0
10	0	0	0
11	0	0	0
12	0	0	0
13	0	0	0
14	0	0	0
15	0	0	0
16	0	0	0
17	0	0	0
18	0	0	0
19	0	0	0
20	0	0	0
21	0	0	0
22	0	0	0
23	0	0	0
24	0	0	0
25	0	0	0
26	0	0	0
27	0	0	0
28	0	0	0
29	0	0	0
30	0	0	0
31	0	0	0
32	0	0	0
33	0	0	0
34	0	0	0
35	0	0	0
36	0	0	0
37	0	0	0
38	0	0	0
39	0	0	0
40	0	0	0
41	0	0	0
42	0	0	0
43	0	0	0
44	0	0	0
45	0	0	0
46	0	0	0
47	0	0	0
48	0	0	0
49	0	0	0
50	0	0	0
51	0	0	0
52	0	0	0
53	0	0	0
54	0	0	0
55	0	0	0
56	0	0	0
57	0	0	0
58	0	0	0
59	0	0	0
60	0	0	0
61	0	0	0
62	0	0	0
63	0	0	0
64	0	0	0
65	0	0	0
66	0	0	0
67	0	0	0
68	0	0	0
69	0	0	0
70	0	0	0
71	0	0	0
72	0	0	0
73	0	0	0
74	0	0	0
75	0	0	0
76	0	0	0
77	0	0	0
78	0	0	0
79	0	0	0
80	0	0	0
81	0	0	0
82	0	0	0
83	0	0	0
84	0	0	0
85	0	0	0
86	0	0	0
87	0	0	0
88	0	0	0
89	0	0	0
90	0	0	0
91	0	0	0
92	0	0	0
93	0	0	0
94	0	0	0
95	0	0	0
96	0	0	0
97	0	0	0
98	0	0	0
99	0	0	0
100	0	0	0
101	0	0	0
102	0	0	0
103	0	0	0
104	0	0	0
105	0	0	0
106	0	0	0
107	0	0	0
108	0	0	0
109	0	0	0
110	0	0	0
111	0	0	0
112	0	0	0
113	0	0	0
114	0	0	0
115	0	0	0
116	0	0	0
117	0	0	0
118	0	0	0
119	0	0	0
120	0	0	0
121	0	0	0
122	0	0	0
123	0	0	0
124	0	0	0
125	0	0	0
126	0	0	0
127	0	0	0
128	0	0	0
129	0	0	0
130	0	0	0
131	0	0	0
132	0	0	0
133	0	0	0
134	0	0	0
135	0	0	0
136	0	0	0
137	0	0	0
138	0	0	0
139	0	0	0
140	0	0	0
141	0	0	0
142	0	0	0
143	0	0	0
144	0	0	0
145	0	0	0
146	0	0	0
147	0	0	0
148	0	0	0
149	0	0	0
150	0	0	0
151	0	0	0
152	0	0	0
153	0	0	0
154	0	0	0
155	0	0	0
156	0	0	0
157	0	0	0
158	0	0	0
159	0	0	0
160	0	0	0
161	0	0	0
162	0	0	0
163	0	0	0
164	0	0	0
165	0	0	0
166	0	0	0
167	0	0	0
168	0	0	0
169	0	0	0
170	0	0	0
171	0	0	0
172	0	0	0
173	0	0	0
174	0	0	0
175	0	0	0
176	0	0	0
177	0	0	0
178	0	0	0
179	0	0	0
180	0	0	0
181	0	0	0
182	0	0	0
183	0	0	0
184	0	0	0
185	0	0	0
186	0	0	0
187	0	0	0
188	0	0	0
189	0	0	0
190	0	0	0
191	0	0	0
192	0	0	0
193	0	0	0
194	0	0	0
195	0	0	0
196	0	0	0
197	0	0	0
198	0	0	0
199	0	0	0
200	0	0	0
201	0	0	0
202	0	0	0
203	0	0	0
204	0	0	0
205	0	0	0
206	0	0	0
207	0	0	0
208	0	0	0
209	0	0	0
210	0	0	0
211	0	0	0
212	0	0	0
213	0	0	0
214	0	0	0
215	0	0	0
216	0	0	0
217	0	0	0
218	0	0	0
219	0	0	0
220	0	0	0
221	0	0	0
222	0	0	0
223	0	0	0
224	0	0	0
225	0	0	0
226	0	0	0
227	0	0	0
228	0	0	0
229	0	0	0
230	0	0	0
231	0	0	0
232	0	0	0
233	0	0	0
234	0	0	0
235	0	0	0
236	0	0	0
237	0	0	0
238	0	0	0
239	0	0	0
240	0	0	0
241	0	0	0
242	0	0	0
243	0	0	0
244	0	0	0
245	0	0	0
246	0	0	0
247	0	0	0
248	0	0	0
249	0	0	0
250	0	0	0
251	0	0	0
252	0	0	0
253	0	0	0
254	0	0	0
255	0	0	0
256	0	0	0
257	0	0	0
258	0	0	0
259	0	0	0
260	0	0	0
261	0	0	0
262	0	0	0
263	0	0	0
264	0	0	0
265	0	0	0
266	0	0	0
267	0	0	0
268	0	0	0
269	0	0	0
270	0	0	0
271	0	0	0
272	0	0	0
273	0	0	0
274	0	0	0
275	0	0	0
276	0	0	0
277	0	0	0
278	0	0	0
279	0	0	0
280	0	0	0
281	0	0	0
282	0	0	0
283	0	0	0
284	0	0	0
285	0	0	0
286	0	0	0
287	0	0	0
288	0	0	0
289	0	0	0
290	0	0	0
291	0	0	0
292	0	0	0
293	0	0	0
294	0	0	0
295	0	0	0
296	0	0	0
297	0	0	0
298	0	0	0
299	0	0	0
300	0	0	0
301	0	0	0
302	0	0	0
303	0	0	0
304	0	0	0
305	0	0	0
306	0	0	0
307	0	0	0
308	0	0	0
309	0	0	0
310	0	0	0
311	0	0	0
312	0	0	0
313	0	0	0
314	0	0	0
315	0	0	0
316	0	0	0
317	0	0	0
318	0	0	0
319	0	0	0
320	0	0	0
321	0	0	0
322	0	0	0
323	0	0	0
324	0	0	0
325	0	0	0
326	0	0	0
327	0	0	0
328	0	0	0
329	0	0	0
330	0	0	0
331	0	0	0
332	0	0	0
333	0	0	0
334	0	0	0
335	0	0	0
336	0	0	0
337	0	0	0
338	0	0	0
339	0	0	0
340	0	0	0
341	0	0	0
342	0	0	0
343	0	0	0
344	0	0	0
345	0	0	0
346	0	0	0
347	0	0	0
348	0	0	0
349	0	0	0
350	0	0	0
351	0	0	0
352	0	0	0
353	0	0	0
354	0	0	0
355	0	0	0
356	0	0	0
357	0	0	0
358	0	0	0
359	0	0	0
360	0	0	0
361	0	0	0
362	0	0	0
363	0	0	0
364	0	0	0
365	0	0	0
366	0	0	0
367	0	0	0
368	0	0	0
369	0	0	0
370	0	0	0
371	0	0	0
372	0	0	0
373	0	0	0
374	0	0	0
375	0	0	0
376	0	0	0
377	0	0	0
378	0	0	0
379	0	0	0
380	0	0	0
381	0	0	0
382	0	0	0
383	0	0	0
384	0	0	0
385	0	0	0
386	0	0	0
387	0	0	0
388	0	0	0
389	0	0	0
390	0	0	0
391	0	0	0
392	0	0	0
393	0	0	0
394	0	0	0
395	0	0	0
396	0	0	0
397	0	0	0
398	0	0	0
399	0	0	0
400	0	0	0
401	0	0	0
402	0	0	0
403	0	0	0
404	0	0	0
405	0	0	0
406	0	0	0
407	0	0	0
408	0	0	0
409	0	0	0
410	0	0	0
411	0	0	0
412	0	0	0
413	0	0	0
414	0	0	0
415	0	0	0
416	0	0	0
417	0	0	0
418	0	0	0
419	0	0	0
420	0	0	0
421	0	0	0
422	0	0	0
423	0	0	0
424	0	0	0
425	0	0	0
426	0	0	0
427	0	0	0
428	0	0	0
429	0	0	0
430	0	0	0
431	0	0	0
432	0	0	0
433	0	0	0
434	0	0	0
435	0	0	0
436	0	0	0
437	0	0	0
438	0	0	0
439	0	0	0
440	0	0	0
441	0	0	0
442	0	0	0
443	0	0	0
444	0	0	0
445	0	0	0
446	0	0	0
447	0	0	0
448	0	0	0
449	0	0	0
450	0	0	0
451	0	0	0
452	0	0	0
453	0	0	0
454	0	0	0
455	0	0	0
456	0	0	0
457	0	0	0
458	0	0	0
459	0	0	0
460	0	0	0
461	0	0	0
462	0	0	0
463	0	0	0
464	0	0	0
465	0	0	0
466	0	0	0
467	0	0	0
468	0	0	0
469	0	0	0
470	0	0	0
471	0	0	0
472	0	0	0
473	0	0	0
474	0	0	0
475	0	0	0
476	0	0	0
477	0	0	0
478	0	0	0
479	0	0	0
480	0	0	0
481	0	0	0
482	0	0	0
483	0	0	0
484	0	0	0
485	0	0	0
486	0	0	0
487	0	0	0
488	0	1	-1
489	0	1	-1
490	0	1	-1
491	0	1	-1
492	0	1	-1
493	0	1	-1
494	0	1	-1
495	0	1	-1
496	0	1	-1
497	0	2	-2
498	0	2	-2
499	0	2	-2
500	0	2	-2
501	0	2	-2
502	0	3	-3
503	0	3	-3
504	0	3	-3
505	0	4	-4
506	0	5	-5
507	0	5	-5
508	0	5	-5
509	0	5	-5
510	0	6	-6
511	0	6	-6
512	0	7	-7
513	0	7	-7
514	0	7	-7
515	0	7	-7
516	0	7	-7
517	0	7	-7
518	0	7	-7
519	0	7	-7
520	0	7	-7
521	0	8	-8
522	0	9	-9
523	0	9	-9
524	0	9	-9
525	0	9	-9
526	0	9	-9
527	0	9	-9
528	0	9	-9
529	0	9	-9
530	0	9	-9
531	0	9	-9
532	0	9	-9
533	0	9	-9
534	1	9	-8
535	1	9	-8
536	1	9	-8
537	1	9	-8
538	1	11	-10
539	1	12	-11
540	1	12	-11
541	1	12	-11
542	1	12	-11
543	1	12	-11
544	1	12	-11
545	1	12	-11
546	1	12	-11
547	1	12	-11
548	1	12	-11
549	1	12	-11
550	1	12	-11
551	1	12	-11
552	1	12	-11
553	1	12	-11
554	1	12	-11
555	1	12	-11
556	1	12	-11
557	1	12	-11
558	1	12	-11
559	1	12	-11
560	1	12	-11
561	1	12	-11
562	1	12	-11
563	1	12	-11
564	1	13	-12
565	1	14	-13
566	1	15	-14
567	1	15	-14
568	1	15	-14
569	1	15	-14
570	1	15	-14
571	1	15	-14
572	1	15	-14
573	1	15	-14
574	1	15	-14
575	1	15	-14
576	1	15	-14
577	1	15	-14
578	1	15	-14
579	1	15	-14
580	1	15	-14
581	1	15	-14
582	1	15	-14
583	1	16	-15
584	1	16	-15
585	1	16	-15
586	1	16	-15
587	1	16	-15
588	1	17	-16
589	1	17	-16
590	1	18	-17
591	2	18	-16
592	2	18	-16
593	2	18	-16
594	2	18	-16
595	2	18	-16
596	2	17	-15
597	2	17	-15
598	2	17	-15
599	2	17	-15
600	2	17	-15
601	2	17	-15
602	2	17	-15
603	2	17	-15
604	2	17	-15
605	2	17	-15
606	2	17	-15
607	2	17	-15
608	2	17	-15
609	2	17	-15
610	2	18	-16
611	2	18	-16
612	2	18	-16
613	2	18	-16
614	2	18	-16
615	2	18	-16
616	2	18	-16
617	2	18	-16
618	2	18	-16
619	2	18	-16
620	2	18	-16
621	2	18	-16
622	2	18	-16
623	2	18	-16
624	2	18	-16
625	2	18	-16
626	2	18	-16
627	2	18	-16
628	2	18	-16
629	2	18	-16
630	2	19	-17
631	2	19	-17
632	2	19	-17
633	2	19	-17
634	2	20	-18
635	2	20	-18
636	2	20	-18
637	2	20	-18
638	2	20	-18
639	2	20	-18
640	2	20	-18
641	2	20	-18
642	2	20	-18
643	2	20	-18
644	2	20	-18
645	2	20	-18
646	2	20	-18
647	2	20	-18
648	2	20	-18
649	2	20	-18
650	2	20	-18
651	2	20	-18
652	2	20	-18
653	2	20	-18
654	2	20	-18
655	2	20	-18
656	2	20	-18
657	2	20	-18
658	2	20	-18
659	2	20	-18
660	2	20	-18
661	2	20	-18
662	2	20	-18
663	2	20	-18
664	2	20	-18
665	2	20	-18
666	2	20	-18
667	2	20	-18
668	2	20	-18
669	2	20	-18
670	2	20	-18
671	2	20	-18
672	2	20	-18
673	2	20	-18
674	2	20	-18
675	2	20	-18
676	2	20	-18
677	2	20	-18
678	2	20	-18
679	2	20	-18
680	2	20	-18
681	2	20	-18
682	2	20	-18
683	2	20	-18
684	2	20	-18
685	2	20	-18
686	2	20	-18
687	2	20	-18
688	2	21	-19
689	2	21	-19
690	2	21	-19
691	2	21	-19
692	2	21	-19
693	2	21	-19
694	2	21	-19
695	2	21	-19
696	2	21	-19
697	2	21	-19
698	2	21	-19
699	2	21	-19
700	2	21	-19
701	2	21	-19
702	2	21	-19
703	2	21	-19
704	2	21	-19
705	2	21	-19
706	2	21	-19
707	2	21	-19
708	2	21	-19
709	2	21	-19
710	2	21	-19
711	2	21	-19
712	2	21	-19
713	2	21	-19
714	2	21	-19
715	2	21	-19
716	2	21	-19
717	2	21	-19
718	2	21	-19
719	2	21	-19
720	2	21	-19
721	2	21	-19
722	2	21	-19
723	2	21	-19
724	2	21	-19
725	2	21	-19
726	2	21	-19
727	2	21	-19
728	2	21	-19
729	2	21	-19
730	2	21	-19
731	2	21	-19
732	2	21	-19
733	2	21	-19
734	2	21	-19
735	2	21	-19
736	2	21	-19
737	2	21	-19
738	2	21	-19
739	2	21	-19
740	2	21	-19
741	2	21	-19
742	2	21	-19
743	2	21	-19
744	2	21	-19
745	2	21	-19
746	2	21	-19
747	2	21	-19
748	2	21	-19
749	2	21	-19
750	2	21	-19
751	2	21	-19
752	2	21	-19
753	2	21	-19
754	2	21	-19
755	2	21	-19
756	2	21	-19
757	2	21	-19
758	2	21	-19
759	2	21	-19
760	2	21	-19
761	2	21	-19
762	3	21	-18
763	3	21	-18
764	3	21	-18
765	3	21	-18
766	3	21	-18
767	3	21	-18
768	3	21	-18
769	3	21	-18
770	3	21	-18
771	3	21	-18
772	3	21	-18
773	3	21	-18
774	3	21	-18
775	3	21	-18
776	3	21	-18
777	3	21	-18
778	3	21	-18
779	3	21	-18
780	3	21	-18
781	3	21	-18
782	3	21	-18
783	3	21	-18
784	3	21	-18
785	3	21	-18
786	3	21	-18
787	3	21	-18
788	3	21	-18
789	3	21	-18
790	4	21	-17
791	4	21	-17
792	4	21	-17
793	4	21	-17
794	4	21	-17
795	4	21	-17
796	4	21	-17
797	4	21	-17
798	4	21	-17
799	4	21	-17
800	4	21	-17
801	4	21	-17
802	4	21	-17
803	4	21	-17
804	4	21	-17
805	4	21	-17
806	4	21	-17
807	4	21	-17
808	4	21	-17
809	4	21	-17
810	4	21	-17
811	4	21	-17
812	4	21	-17
813	4	21	-17
814	4	21	-17
815	4	21	-17
816	4	21	-17
817	4	21	-17
818	4	21	-17
819	4	21	-17
820	4	21	-17
821	4	21	-17
822	4	21	-17
823	4	21	-17
824	4	21	-17
825	4	21	-17
826	4	21	-17
827	4	21	-17
828	4	21	-17
829	4	21	-17
830	4	21	-17
831	4	21	-17
832	4	21	-17
833	4	21	-17
834	4	21	-17
835	4	21	-17
836	4	21	-17
837	4	21	-17
838	4	21	-17
839	4	21	-17
840	4	21	-17
841	4	21	-17
842	4	21	-17
843	4	21	-17
844	4	21	-17
845	4	21	-17
846	4	21	-17
847	4	21	-17
848	4	21	-17
849	4	21	-17
850	4	21	-17
851	4	21	-17
852	4	21	-17
853	4	21	-17
854	4	21	-17
855	4	21	-17
856	4	21	-17
857	4	21	-17
858	4	21	-17
859	4	21	-17
860	4	21	-17
861	4	21	-17
862	4	21	-17
863	4	21	-17
864	4	21	-17
865	4	21	-17
866	4	21	-17
867	4	21	-17
868	4	21	-17
869	4	21	-17
870	4	21	-17
871	4	21	-17
872	4	21	-17
873	4	21	-17
874	4	21	-17
875	4	21	-17
876	4	21	-17
877	4	21	-17
878	4	21	-17
879	4	21	-17
880	4	21	-17
881	4	21	-17
882	4	21	-17
883	4	21	-17
884	4	21	-17
885	4	21	-17
886	4	21	-17
887	4	21	-17
888	4	21	-17
889	4	21	-17
890	4	21	-17
891	4	21	-17
892	4	21	-17
893	4	21	-17
894	4	21	-17
895	4	21	-17
896	4	21	-17
897	4	21	-17
898	4	21	-17
899	4	21	-17
900	4	21	-17
901	4	21	-17
902	4	21	-17
903	4	21	-17
904	4	21	-17
905	4	21	-17
906	4	21	-17
907	4	21	-17
908	4	21	-17
909	4	21	-17
910	4	21	-17
911	4	21	-17
912	4	21	-17
913	4	21	-17
914	4	21	-17
915	4	21	-17
916	4	21	-17
917	4	21	-17
918	4	21	-17
919	4	21	-17
920	4	21	-17
921	4	21	-17
922	4	21	-17
923	4	21	-17
924	4	21	-17
925	4	21	-17
926	4	21	-17
927	4	21	-17
928	4	21	-17
929	4	21	-17
930	4	21	-17
931	4	21	-17
932	4	21	-17
933	4	21	-17
934	4	21	-17
935	4	21	-17
936	4	21	-17
937	4	21	-17
938	4	21	-17
939	4	21	-17
940	4	21	-17
941	4	21	-17
942	4	21	-17
943	4	21	-17
944	4	21	-17
945	4	21	-17
946	4	21	-17
947	4	21	-17
948	4	21	-17
949	4	21	-17
950	4	21	-17
951	4	21	-17
952	4	21	-17
953	4	21	-17
954	4	21	-17
955	4	21	-17
956	4	21	-17
957	4	21	-17
958	4	21	-17
959	4	21	-17
960	4	21	-17
961	4	21	-17
962	4	21	-17
963	4	21	-17
964	4	21	-17
965	4	21	-17
966	4	21	-17
967	4	21	-17
968	4	21	-17
969	4	21	-17
970	4	21	-17
971	4	21	-17
972	4	21	-17
973	4	21	-17
974	4	21	-17
975	4	21	-17
976	4	21	-17
977	4	21	-17
978	4	21	-17
979	4	21	-17
980	4	21	-17
981	4	21	-17
982	4	21	-17
983	4	21	-17
984	4	21	-17
985	4	21	-17
986	4	21	-17
987	4	21	-17
988	4	21	-17
989	4	21	-17
990	4	21	-17
991	4	21	-17
992	4	21	-17
993	4	21	-17
994	4	21	-17
995	4	21	-17
996	4	21	-17
997	4	21	-17
998	4	21	-17
999	4	21	-17
1000	4	21	-17
1001	4	21	-17
1002	4	21	-17
1003	4	21	-17
1004	4	21	-17
1005	4	21	-17
1006	4	21	-17
1007	4	21	-17
1008	4	21	-17
1009	4	21	-17
1010	4	21	-17
1011	4	21	-17
1012	4	21	-17
1013	4	21	-17
1014	4	21	-17
1015	4	21	-17
1016	4	21	-17
1017	4	21	-17
1018	4	21	-17
1019	4	21	-17
1020	4	21	-17
1021	4	21	-17
1022	4	21	-17
1023	4	21	-17
1024	4	22	-18
1025	4	22	-18
1026	4	22	-18
1027	4	22	-18
1028	4	22	-18
1029	4	22	-18
1030	4	22	-18
1031	4	22	-18
1032	4	22	-18
1033	4	22	-18
1034	4	22	-18
1035	4	22	-18
1036	4	23	-19
1037	4	23	-19
1038	4	23	-19
1039	4	23	-19
1040	4	23	-19
1041	4	23	-19
1042	4	23	-19
1043	4	23	-19
1044	4	23	-19
1045	4	23	-19
1046	4	23	-19
1047	4	23	-19
1048	4	23	-19
1049	4	23	-19
1050	4	23	-19
1051	4	23	-19
1052	4	23	-19
1053	4	23	-19
1054	4	23	-19
1055	4	24	-20
1056	4	24	-20
1057	4	24	-20
1058	4	24	-20
1059	4	24	-20
1060	4	24	-20
1061	4	24	-20
1062	4	24	-20
1063	4	24	-20
1064	5	24	-19
1065	5	24	-19
1066	5	24	-19
1067	5	24	-19
1068	5	24	-19
1069	5	24	-19
1070	5	24	-19
1071	5	24	-19
1072	5	24	-19
1073	5	24	-19
1074	5	24	-19
1075	5	24	-19
1076	5	24	-19
1077	5	24	-19
1078	5	24	-19
1079	5	24	-19
1080	5	24	-19
1081	5	25	-20
1082	5	25	-20
1083	5	25	-20
1084	5	25	-20
1085	5	26	-21
1086	5	27	-22
1087	5	27	-22
1088	5	27	-22
1089	5	27	-22
1090	5	27	-22
1091	5	27	-22
1092	5	27	-22
1093	5	27	-22
1094	5	27	-22
1095	5	27	-22
1096	5	27	-22
1097	5	27	-22
1098	5	28	-23
1099	5	28	-23
1100	5	28	-23
1101	5	28	-23
1102	5	28	-23
1103	5	28	-23
1104	5	28	-23
1105	5	29	-24
1106	5	29	-24
1107	5	29	-24
1108	5	29	-24
1109	5	29	-24
1110	5	29	-24
1111	5	29	-24
1112	6	29	-23
1113	6	29	-23
1114	6	29	-23
1115	6	29	-23
1116	6	29	-23
1117	6	29	-23
1118	6	29	-23
1119	6	29	-23
1120	6	29	-23
1121	6	29	-23
1122	6	29	-23
1123	6	29	-23
1124	6	29	-23
1125	6	29	-23
1126	6	29	-23
1127	6	29	-23
1128	6	29	-23
1129	6	29	-23
1130	6	29	-23
1131	6	29	-23
1132	6	29	-23
1133	7	29	-22
1134	7	29	-22
1135	7	29	-22
1136	7	29	-22
1137	7	29	-22
1138	7	29	-22
1139	7	29	-22
1140	7	29	-22
1141	7	30	-23
1142	7	30	-23
1143	7	30	-23
1144	7	30	-23
1145	7	30	-23
1146	7	30	-23
1147	7	30	-23
1148	7	30	-23
1149	7	30	-23
1150	7	30	-23
1151	7	30	-23
1152	7	30	-23
1153	7	30	-23
1154	7	30	-23
1155	7	30	-23
1156	7	30	-23
1157	7	30	-23
1158	7	30	-23
1159	7	31	-24
1160	7	31	-24
1161	7	31	-24
1162	7	31	-24
1163	7	31	-24
1164	7	31	-24
1165	7	31	-24
1166	7	31	-24
1167	7	31	-24
1168	7	31	-24
1169	7	31	-24
1170	7	31	-24
1171	7	31	-24
1172	7	31	-24
1173	7	31	-24
1174	7	31	-24
1175	7	31	-24
1176	7	31	-24
1177	7	31	-24
1178	7	31	-24
1179	7	31	-24
1180	7	31	-24
1181	7	31	-24
1182	7	31	-24
1183	7	31	-24
1184	7	31	-24
1185	7	31	-24
1186	7	31	-24
1187	7	31	-24
1188	7	31	-24
1189	7	31	-24
1190	7	31	-24
1191	7	31	-24
1192	7	32	-25
1193	7	32	-25
1194	7	32	-25
1195	7	32	-25
1196	7	32	-25
1197	7	32	-25
1198	7	32	-25
1199	7	32	-25
1200	7	32	-25
1201	7	32	-25
1202	7	32	-25
1203	7	32	-25
1204	7	32	-25
1205	7	32	-25
1206	8	32	-24
1207	8	32	-24
1208	8	32	-24
1209	8	32	-24
1210	8	32	-24
1211	8	32	-24
1212	8	32	-24
1213	8	32	-24
1214	8	32	-24
1215	8	32	-24
1216	8	32	-24
1217	8	32	-24
1218	9	32	-23
1219	9	32	-23
1220	9	32	-23
1221	9	32	-23
1222	9	32	-23
1223	9	32	-23
1224	9	32	-23
1225	9	32	-23
1226	9	32	-23
1227	9	32	-23
1228	9	32	-23
1229	8	32	-24
1230	8	32	-24
1231	8	32	-24
1232	8	32	-24
1233	8	32	-24
1234	8	32	-24
1235	8	32	-24
1236	8	32	-24
1237	8	32	-24
1238	8	32	-24
1239	8	32	-24
1240	8	32	-24
1241	8	32	-24
1242	8	32	-24
1243	8	32	-24
1244	8	32	-24
1245	7	32	-25
1246	7	32	-25
1247	7	32	-25
1248	7	32	-25
1249	7	32	-25
1250	7	32	-25
1251	7	32	-25
1252	7	32	-25
1253	7	32	-25
1254	7	32	-25
1255	7	33	-26
1256	7	33	-26
1257	7	33	-26
1258	7	33	-26
1259	7	33	-26
1260	7	33	-26
1261	7	33	-26
1262	7	33	-26
1263	7	33	-26
1264	7	33	-26
1265	7	33	-26
1266	7	33	-26
1267	7	33	-26
1268	7	33	-26
1269	7	33	-26
1270	7	33	-26
1271	7	33	-26
1272	7	33	-26
1273	7	33	-26
1274	7	33	-26
1275	7	33	-26
1276	7	33	-26
1277	7	33	-26
1278	7	33	-26
1279	7	33	-26
1280	7	33	-26
1281	7	33	-26
1282	7	33	-26
1283	7	33	-26
1284	7	33	-26
1285	7	33	-26
1286	7	33	-26
1287	8	33	-25
1288	8	33	-25
1289	8	33	-25
1290	8	33	-25
1291	8	33	-25
1292	8	33	-25
1293	8	33	-25
1294	8	33	-25
1295	8	33	-25
1296	8	33	-25
1297	8	33	-25
1298	8	33	-25
1299	8	33	-25
1300	8	33	-25
1301	8	33	-25
1302	8	33	-25
1303	8	33	-25
1304	8	33	-25
1305	8	33	-25
1306	8	33	-25
1307	8	33	-25
1308	8	33	-25
1309	8	33	-25
1310	8	33	-25
1311	8	33	-25
1312	8	33	-25
1313	8	33	-25
1314	8	33	-25
1315	8	33	-25
1316	8	33	-25
1317	8	33	-25
1318	8	33	-25
1319	8	33	-25
1320	8	33	-25
1321	8	33	-25
1322	8	33	-25
1323	8	33	-25
1324	8	33	-25
1325	8	33	-25
1326	8	33	-25
1327	8	33	-25
1328	8	33	-25
1329	8	33	-25
1330	8	33	-25
1331	8	33	-25
1332	8	33	-25
1333	8	33	-25
1334	8	33	-25
1335	8	33	-25
1336	8	33	-25
1337	8	33	-25
1338	8	33	-25
1339	8	33	-25
1340	8	33	-25
1341	8	33	-25
1342	8	33	-25
1343	8	33	-25
1344	8	33	-25
1345	8	33	-25
1346	8	33	-25
1347	8	33	-25
1348	8	33	-25
1349	8	33	-25
1350	8	33	-25
1351	8	33	-25
1352	8	33	-25
1353	8	33	-25
1354	8	33	-25
1355	9	33	-24
1356	9	33	-24
1357	9	33	-24
1358	9	33	-24
1359	9	33	-24
1360	9	33	-24
1361	9	33	-24
1362	9	33	-24
1363	9	33	-24
1364	9	33	-24
1365	9	33	-24
1366	9	33	-24
1367	9	33	-24
1368	9	33	-24
1369	9	33	-24
1370	9	33	-24
1371	9	33	-24
1372	9	33	-24
1373	9	33	-24
1374	9	33	-24
1375	9	33	-24
1376	9	33	-24
1377	9	33	-24
1378	9	33	-24
1379	9	33	-24
1380	9	33	-24
1381	9	33	-24
1382	9	33	-24
1383	9	33	-24
1384	9	33	-24
1385	9	33	-24
1386	9	33	-24
1387	9	33	-24
1388	9	33	-24
1389	9	33	-24
1390	9	33	-24
1391	9	33	-24
1392	9	33	-24
1393	9	33	-24
1394	9	33	-24
1395	9	33	-24
1396	9	33	-24
1397	9	33	-24
1398	9	33	-24
1399	9	33	-24
1400	9	33	-24
1401	9	33	-24
1402	9	33	-24
1403	9	33	-24
1404	9	33	-24
1405	9	33	-24
1406	9	33	-24
1407	9	33	-24
1408	9	33	-24
1409	9	33	-24
1410	9	33	-24
1411	9	33	-24
1412	9	33	-24
1413	9	33	-24
1414	9	33	-24
1415	9	33	-24
1416	9	33	-24
1417	9	33	-24
1418	9	33	-24
1419	9	33	-24
1420	9	33	-24
1421	9	33	-24
1422	9	33	-24
1423	8	33	-25
1424	8	33	-25
1425	8	33	-25
1426	8	33	-25
1427	8	33	-25
1428	8	33	-25
1429	8	33	-25
1430	8	33	-25
1431	8	33	-25
1432	8	33	-25
1433	8	34	-26
1434	8	34	-26
1435	8	34	-26
1436	8	34	-26
1437	8	34	-26
1438	8	34	-26
1439	8	34	-26
1440	8	34	-26
1441	8	34	-26
1442	8	34	-26
1443	8	34	-26
1444	8	34	-26
1445	8	34	-26
1446	8	34	-26
1447	8	34	-26
1448	8	34	-26
1449	8	34	-26
1450	8	34	-26
1451	8	34	-26
1452	8	34	-26
1453	8	34	-26
1454	9	34	-25
1455	9	34	-25
1456	9	34	-25
1457	9	34	-25
1458	9	34	-25
1459	9	34	-25
1460	9	34	-25
1461	9	34	-25
1462	9	34	-25
1463	9	34	-25
1464	9	34	-25
1465	9	34	-25
1466	9	34	-25
1467	9	34	-25
1468	9	34	-25
1469	9	34	-25
1470	9	34	-25
1471	9	34	-25
1472	9	34	-25
1473	9	34	-25
1474	9	34	-25
1475	9	34	-25
1476	9	34	-25
1477	9	34	-25
1478	9	34	-25
1479	9	34	-25
1480	9	34	-25
1481	9	34	-25
1482	9	34	-25
1483	9	34	-25
1484	9	34	-25
1485	9	34	-25
1486	9	34	-25
1487	9	34	-25
1488	9	34	-25
1489	9	34	-25
1490	9	34	-25
1491	9	34	-25
1492	9	34	-25
1493	9	34	-25
1494	9	34	-25
1495	9	34	-25
1496	9	34	-25
1497	9	34	-25
1498	9	35	-26
1499	9	35	-26
1500	9	35	-26
1501	9	35	-26
1502	9	35	-26
1503	9	35	-26
1504	9	35	-26
1505	9	35	-26
1506	9	35	-26
1507	9	35	-26
1508	9	35	-26
1509	9	35	-26
1510	9	35	-26
1511	9	35	-26
1512	9	35	-26
1513	9	35	-26
1514	9	35	-26
1515	9	35	-26
1516	9	35	-26
1517	9	35	-26
1518	9	35	-26
1519	9	35	-26
1520	9	35	-26
1521	9	35	-26
1522	9	35	-26
1523	9	35	-26
1524	9	35	-26
1525	9	35	-26
1526	9	35	-26
1527	9	35	-26
1528	9	35	-26
1529	9	35	-26
1530	9	35	-26
1531	9	35	-26
1532	9	35	-26
1533	9	35	-26
1534	9	35	-26
1535	9	35	-26
1536	9	35	-26
1537	9	35	-26
1538	9	35	-26
1539	9	35	-26
1540	9	35	-26
1541	9	35	-26
1542	9	35	-26
1543	9	35	-26
1544	9	35	-26
1545	9	35	-26
1546	9	35	-26
1547	9	35	-26
1548	9	35	-26
1549	9	35	-26
1550	9	35	-26
1551	9	35	-26
1552	8	35	-27
1553	8	35	-27
1554	8	35	-27
1555	8	35	-27
1556	8	35	-27
1557	8	35	-27
1558	8	35	-27
1559	8	35	-27
1560	8	35	-27
1561	8	35	-27
1562	8	35	-27
1563	8	35	-27
1564	8	35	-27
1565	8	35	-27
1566	8	35	-27
1567	8	35	-27
1568	9	35	-26
1569	9	35	-26
1570	9	35	-26
1571	9	35	-26
1572	9	35	-26
1573	9	35	-26
1574	9	35	-26
1575	9	35	-26
1576	9	35	-26
1577	9	35	-26
1578	9	35	-26
1579	9	35	-26
1580	9	35	-26
1581	9	35	-26
1582	9	35	-26
1583	9	35	-26
1584	9	35	-26
1585	9	35	-26
1586	9	35	-26
1587	9	35	-26
1588	9	35	-26
1589	9	35	-26
1590	9	35	-26
1591	9	35	-26
1592	9	35	-26
1593	9	35	-26
1594	9	35	-26
1595	9	35	-26
1596	9	35	-26
1597	9	35	-26
1598	9	35	-26
1599	9	35	-26
1600	9	35	-26
1601	9	35	-26
1602	9	35	-26
1603	9	35	-26
1604	9	35	-26
1605	9	35	-26
1606	9	35	-26
1607	9	35	-26
1608	9	35	-26
1609	9	35	-26
1610	9	35	-26
1611	9	35	-26
1612	9	35	-26
1613	9	35	-26
1614	9	35	-26
1615	9	35	-26
1616	9	35	-26
1617	9	35	-26
1618	9	35	-26
1619	9	35	-26
1620	9	34	-25
1621	9	34	-25
1622	9	34	-25
1623	10	34	-24
1624	10	34	-24
1625	10	34	-24
1626	10	34	-24
1627	10	34	-24
1628	10	34	-24
1629	10	34	-24
1630	10	34	-24
1631	10	34	-24
1632	10	34	-24
1633	10	34	-24
1634	10	34	-24
1635	10	34	-24
1636	10	34	-24
1637	10	34	-24
1638	10	34	-24
1639	10	34	-24
1640	10	34	-24
1641	10	34	-24
1642	10	34	-24
1643	10	34	-24
1644	10	34	-24
1645	10	34	-24
1646	10	34	-24
1647	10	34	-24
1648	10	34	-24
1649	10	34	-24
1650	10	34	-24
1651	10	34	-24
1652	10	34	-24
1653	10	34	-24
1654	10	34	-24
1655	10	34	-24
1656	10	34	-24
1657	10	34	-24
1658	10	34	-24
1659	10	34	-24
1660	10	34	-24
1661	10	34	-24
1662	10	34	-24
1663	10	34	-24
1664	10	34	-24
1665	10	34	-24
1666	10	34	-24
1667	10	33	-23
1668	10	33	-23
1669	11	33	-22
1670	11	33	-22
1671	11	33	-22
1672	11	33	-22
1673	11	33	-22
1674	11	33	-22
1675	11	33	-22
1676	11	34	-23
1677	11	34	-23
1678	11	34	-23
1679	11	34	-23
1680	11	34	-23
1681	11	34	-23
1682	12	34	-22
1683	12	34	-22
1684	12	34	-22
1685	12	34	-22
1686	12	34	-22
1687	13	34	-21
1688	13	34	-21
1689	13	34	-21
1690	13	35	-22
1691	13	35	-22
1692	13	35	-22
1693	13	35	-22
1694	13	34	-21
1695	13	34	-21
1696	13	34	-21
1697	13	34	-21
1698	13	34	-21
1699	13	34	-21
1700	13	34	-21
1701	13	34	-21
1702	13	34	-21
1703	13	34	-21
1704	13	34	-21
1705	13	34	-21
1706	13	34	-21
1707	13	34	-21
1708	13	34	-21
1709	13	34	-21
1710	13	34	-21
1711	13	34	-21
1712	13	34	-21
1713	13	34	-21
1714	13	34	-21
1715	13	34	-21
1716	14	34	-20
1717	14	34	-20
1718	14	34	-20
1719	14	34	-20
1720	14	34	-20
1721	14	34	-20
1722	14	34	-20
1723	14	34	-20
1724	14	34	-20
1725	14	34	-20
1726	14	34	-20
1727	14	34	-20
1728	14	34	-20
1729	14	34	-20
1730	14	34	-20
1731	14	34	-20
1732	14	34	-20
1733	14	34	-20
1734	14	34	-20
1735	14	34	-20
1736	14	34	-20
1737	14	34	-20
1738	14	34	-20
1739	14	34	-20
1740	13	34	-21
1741	13	34	-21
1742	13	34	-21
1743	13	34	-21
1744	13	34	-21
1745	13	34	-21
1746	13	34	-21
1747	13	34	-21
1748	13	34	-21
1749	13	34	-21
1750	13	34	-21
1751	13	34	-21
1752	13	34	-21
1753	13	34	-21
1754	13	34	-21
1755	12	34	-22
1756	12	34	-22
1757	12	34	-22
1758	12	34	-22
1759	12	34	-22
1760	12	34	-22
1761	12	34	-22
1762	12	34	-22
1763	12	34	-22
1764	13	34	-21
1765	13	34	-21
1766	13	34	-21
1767	13	34	-21
1768	13	34	-21
1769	13	34	-21
1770	13	33	-20
1771	13	33	-20
1772	13	33	-20
1773	13	33	-20
1774	13	33	-20
1775	13	33	-20
1776	13	33	-20
1777	13	33	-20
1778	13	33	-20
1779	13	33	-20
1780	13	33	-20
1781	14	33	-19
1782	14	33	-19
1783	14	33	-19
1784	14	33	-19
1785	14	33	-19
1786	14	33	-19
1787	14	33	-19
1788	14	33	-19
1789	14	33	-19
1790	14	33	-19
1791	14	33	-19
1792	14	33	-19
1793	14	33	-19
1794	14	33	-19
1795	14	33	-19
1796	14	33	-19
1797	14	33	-19
1798	14	33	-19
1799	14	33	-19
1800	14	33	-19
1801	14	33	-19
1802	14	33	-19
1803	14	33	-19
1804	14	33	-19
1805	14	33	-19
1806	14	33	-19
1807	14	33	-19
1808	14	33	-19
1809	14	33	-19
1810	14	33	-19
1811	14	33	-19
1812	14	33	-19
1813	14	33	-19
1814	14	33	-19
1815	14	33	-19
1816	14	33	-19
1817	14	33	-19
1818	14	33	-19
1819	14	33	-19
1820	14	33	-19
1821	14	33	-19
1822	14	33	-19
1823	14	33	-19
1824	14	33	-19
1825	14	33	-19
1826	14	33	-19
1827	14	33	-19
1828	14	33	-19
1829	14	33	-19
1830	14	33	-19
1831	14	33	-19
1832	14	33	-19
1833	14	33	-19
1834	14	33	-19
1835	14	33	-19
1836	14	33	-19
1837	14	33	-19
1838	14	33	-19
1839	14	33	-19
1840	14	33	-19
1841	14	33	-19
1842	14	33	-19
1843	14	33	-19
1844	14	33	-19
1845	14	33	-19
1846	14	33	-19
1847	14	33	-19
1848	14	33	-19
1849	14	33	-19
1850	14	33	-19
1851	14	33	-19
1852	14	33	-19
1853	14	33	-19
1854	14	33	-19
1855	14	33	-19
1856	14	33	-19
1857	14	33	-19
1858	14	33	-19
1859	14	33	-19
1860	14	33	-19
1861	14	33	-19
1862	14	33	-19
1863	14	33	-19
1864	14	33	-19
1865	14	33	-19
1866	14	33	-19
1867	14	33	-19
1868	14	33	-19
1869	14	33	-19
1870	14	33	-19
1871	14	33	-19
1872	14	33	-19
1873	14	33	-19
1874	14	33	-19
1875	14	33	-19
1876	14	33	-19
1877	14	33	-19
1878	14	33	-19
1879	14	33	-19
1880	14	33	-19
1881	14	33	-19
1882	14	33	-19
1883	14	33	-19
1884	14	33	-19
1885	14	33	-19
1886	14	33	-19
1887	14	33	-19
1888	14	33	-19
1889	14	33	-19
1890	14	33	-19
1891	14	33	-19
1892	14	33	-19
1893	14	33	-19
1894	14	33	-19
1895	14	33	-19
1896	14	33	-19
1897	14	33	-19
1898	14	33	-19
1899	15	33	-18
1900	15	33	-18
1901	15	33	-18
1902	15	33	-18
1903	15	33	-18
1904	15	33	-18
1905	15	33	-18
1906	15	33	-18
1907	15	33	-18
1908	15	33	-18
1909	15	33	-18
1910	15	33	-18
1911	15	33	-18
1912	15	33	-18
1913	15	33	-18
1914	15	33	-18
1915	15	33	-18
1916	15	33	-18
1917	15	33	-18
1918	15	33	-18
1919	15	33	-18
1920	15	33	-18
1921	15	33	-18
1922	15	33	-18
1923	15	33	-18
1924	15	33	-18
1925	15	33	-18
1926	15	33	-18
1927	15	33	-18
1928	15	33	-18
1929	15	33	-18
1930	15	33	-18
1931	15	33	-18
1932	15	33	-18
1933	15	33	-18
1934	15	33	-18
1935	15	33	-18
1936	15	33	-18
1937	15	33	-18
1938	15	33	-18
1939	15	33	-18
1940	15	33	-18
1941	15	33	-18
1942	15	33	-18
1943	15	33	-18
1944	15	33	-18
1945	15	33	-18
1946	15	33	-18
1947	15	33	-18
1948	15	33	-18
1949	15	33	-18
1950	15	33	-18
1951	15	33	-18
1952	15	33	-18
1953	15	33	-18
1954	15	33	-18
1955	15	33	-18
1956	15	33	-18
1957	15	33	-18
1958	15	33	-18
1959	15	33	-18
1960	15	33	-18
1961	15	33	-18
1962	15	33	-18
1963	15	33	-18
1964	15	33	-18
1965	15	33	-18
1966	15	33	-18
1967	16	33	-17
1968	16	33	-17
1969	17	33	-16
1970	18	33	-15
1971	18	33	-15
1972	18	33	-15
1973	18	33	-15
1974	18	33	-15
1975	18	33	-15
1976	18	33	-15
1977	18	33	-15
1978	18	33	-15
1979	18	33	-15
1980	18	33	-15
1981	18	33	-15
1982	18	33	-15
1983	18	33	-15
1984	18	33	-15
1985	18	33	-15
1986	18	33	-15
1987	18	33	-15
1988	18	33	-15
1989	18	33	-15
1990	18	33	-15
1991	18	33	-15
1992	18	33	-15
1993	18	33	-15
1994	18	33	-15
1995	18	33	-15
1996	18	33	-15
1997	18	33	-15
1998	18	33	-15
1999	18	33	-15
2000	18	33	-15
2001	18	33	-15
2002	18	33	-15
2003	18	33	-15
2004	18	33	-15
2005	18	33	-15
2006	18	33	-15
2007	18	33	-15
2008	18	33	-15
2009	18	33	-15
2010	18	33	-15
2011	18	33	-15
2012	18	33	-15
2013	18	33	-15
2014	18	33	-15
2015	18	33	-15
2016	18	33	-15
2017	18	33	-15
2018	18	33	-15
2019	18	33	-15
2020	18	33	-15
2021	18	33	-15
2022	18	33	-15
2023	18	33	-15
2024	18	33	-15
2025	18	33	-15
2026	18	33	-15
2027	18	33	-15
2028	18	33	-15
2029	18	33	-15
2030	18	33	-15
2031	18	33	-15
2032	18	33	-15
2033	18	33	-15
2034	18	33	-15
2035	18	33	-15
2036	18	33	-15
2037	18	33	-15
2038	18	33	-15
2039	18	33	-15
2040	18	33	-15
2041	18	33	-15
2042	18	33	-15
2043	18	33	-15
2044	18	33	-15
2045	18	33	-15
2046	18	33	-15
2047	18	33	-15
2048	18	33	-15
2049	18	33	-15
2050	18	33	-15
2051	18	33	-15
2052	18	33	-15
2053	18	33	-15
2054	18	33	-15
2055	18	33	-15
2056	18	33	-15
2057	18	33	-15
2058	18	33	-15
2059	18	33	-15
2060	18	33	-15
2061	18	33	-15
2062	18	33	-15
2063	18	33	-15
2064	18	33	-15
2065	18	33	-15
2066	18	33	-15
2067	19	33	-14
2068	19	33	-14
2069	19	33	-14
2070	19	33	-14
2071	19	33	-14
2072	19	33	-14
2073	19	33	-14
2074	19	33	-14
2075	19	33	-14
2076	19	33	-14
2077	19	33	-14
2078	19	33	-14
2079	19	33	-14
2080	19	33	-14
2081	19	33	-14
2082	19	33	-14
2083	19	33	-14
2084	19	33	-14
2085	19	33	-14
2086	19	33	-14
2087	19	33	-14
2088	19	33	-14
2089	18	33	-15
2090	18	33	-15
2091	18	33	-15
2092	18	33	-15
2093	18	33	-15
2094	18	33	-15
2095	18	33	-15
2096	18	33	-15
2097	18	33	-15
2098	18	33	-15
2099	18	33	-15
2100	18	33	-15
2101	18	33	-15
2102	18	33	-15
2103	18	33	-15
2104	18	33	-15
2105	18	33	-15
2106	18	33	-15
2107	18	33	-15
2108	18	33	-15
2109	18	33	-15
2110	18	33	-15
2111	18	33	-15
2112	18	33	-15
2113	18	33	-15
2114	18	33	-15
2115	18	33	-15
2116	18	33	-15
2117	18	33	-15
2118	18	33	-15
2119	18	33	-15
2120	18	33	-15
2121	18	33	-15
2122	18	33	-15
2123	18	33	-15
2124	18	33	-15
2125	18	33	-15
2126	18	33	-15
2127	18	33	-15
2128	18	33	-15
2129	18	33	-15
2130	18	33	-15
2131	18	33	-15
2132	18	33	-15
2133	18	33	-15
2134	18	33	-15
2135	18	33	-15
2136	18	33	-15
2137	18	33	-15
2138	18	33	-15
2139	18	33	-15
2140	18	33	-15
2141	18	33	-15
2142	18	33	-15
2143	18	33	-15
2144	18	33	-15
2145	18	33	-15
2146	18	33	-15
2147	18	33	-15
2148	18	33	-15
2149	18	33	-15
2150	18	33	-15
2151	18	33	-15
2152	18	33	-15
2153	18	33	-15
2154	18	33	-15
2155	18	33	-15
2156	18	33	-15
2157	18	33	-15
2158	18	33	-15
2159	18	33	-15
2160	18	33	-15
2161	18	33	-15
2162	18	33	-15
2163	18	33	-15
2164	18	33	-15
2165	18	33	-15
2166	18	33	-15
2167	18	33	-15
2168	18	33	-15
2169	17	33	-16
2170	17	33	-16
2171	17	33	-16
2172	17	33	-16
2173	17	33	-16
2174	17	33	-16
2175	17	33	-16
2176	17	33	-16
2177	17	33	-16
2178	17	33	-16
2179	17	33	-16
2180	17	33	-16
2181	17	33	-16
2182	17	33	-16
2183	17	33	-16
2184	17	33	-16
2185	18	33	-15
2186	19	33	-14
2187	20	33	-13
2188	21	33	-12
2189	21	33	-12
2190	21	33	-12
2191	21	33	-12
2192	21	33	-12
2193	21	33	-12
2194	21	33	-12
2195	21	33	-12
2196	21	33	-12
2197	20	33	-13
2198	20	33	-13
2199	20	33	-13
2200	20	33	-13
2201	20	33	-13
2202	20	33	-13
2203	20	33	-13
2204	20	33	-13
2205	19	33	-14
2206	19	33	-14
2207	19	33	-14
2208	19	33	-14
2209	19	33	-14
2210	19	33	-14
2211	19	33	-14
2212	19	33	-14
2213	19	33	-14
2214	19	33	-14
2215	19	33	-14
2216	19	33	-14
2217	19	33	-14
2218	19	33	-14
2219	19	33	-14
2220	19	33	-14
2221	19	33	-14
2222	19	33	-14
2223	19	33	-14
2224	19	33	-14
2225	19	33	-14
2226	19	33	-14
2227	19	33	-14
2228	19	33	-14
2229	19	33	-14
2230	19	33	-14
2231	19	33	-14
2232	19	33	-14
2233	19	33	-14
2234	19	33	-14
2235	19	33	-14
2236	19	33	-14
2237	19	33	-14
2238	19	33	-14
2239	19	33	-14
2240	19	33	-14
2241	19	33	-14
2242	19	33	-14
2243	19	33	-14
2244	19	33	-14
2245	19	33	-14
2246	19	33	-14
2247	19	33	-14
2248	20	33	-13
2249	20	33	-13
2250	20	33	-13
2251	20	33	-13
2252	20	33	-13
2253	20	33	-13
2254	20	33	-13
2255	20	33	-13
2256	20	33	-13
2257	20	33	-13
2258	20	33	-13
2259	20	33	-13
2260	20	33	-13
2261	20	33	-13
2262	20	33	-13
2263	20	33	-13
2264	20	33	-13
2265	20	33	-13
2266	20	33	-13
2267	20	33	-13
2268	19	33	-14
2269	19	33	-14
2270	19	33	-14
2271	19	33	-14
2272	20	33	-13
2273	20	33	-13
2274	20	33	-13
2275	20	33	-13
2276	20	33	-13
2277	20	33	-13
2278	20	33	-13
2279	20	33	-13
2280	20	33	-13
2281	20	33	-13
2282	20	33	-13
2283	20	33	-13
2284	20	33	-13
2285	20	33	-13
2286	20	33	-13
2287	20	33	-13
2288	20	33	-13
2289	20	33	-13
2290	20	33	-13
2291	20	33	-13
2292	20	33	-13
2293	20	33	-13
2294	20	33	-13
2295	20	33	-13
2296	20	33	-13
2297	20	33	-13
2298	20	33	-13
2299	20	33	-13
2300	20	33	-13
2301	20	33	-13
2302	20	33	-13
2303	20	33	-13
2304	20	33	-13
2305	20	33	-13
2306	19	33	-14
2307	20	33	-13
2308	20	33	-13
2309	20	33	-13
2310	20	33	-13
2311	20	33	-13
2312	20	33	-13
2313	20	33	-13
2314	20	33	-13
2315	20	33	-13
2316	20	33	-13
2317	20	33	-13
2318	20	33	-13
2319	20	33	-13
2320	20	33	-13
2321	20	33	-13
2322	20	33	-13
2323	20	33	-13
2324	20	33	-13
2325	20	33	-13
2326	20	33	-13
2327	20	33	-13
2328	20	33	-13
2329	20	33	-13
2330	20	33	-13
2331	20	33	-13
2332	20	33	-13
2333	20	33	-13
2334	20	33	-13
2335	20	33	-13
2336	20	33	-13
2337	20	33	-13
2338	20	33	-13
2339	20	33	-13
2340	20	33	-13
2341	20	33	-13
2342	20	33	-13
2343	20	33	-13
2344	20	33	-13
2345	20	33	-13
2346	20	33	-13
2347	20	33	-13
2348	20	33	-13
2349	20	33	-13
2350	20	33	-13
2351	20	33	-13
2352	20	33	-13
2353	20	33	-13
2354	20	33	-13
2355	20	33	-13
2356	20	33	-13
2357	20	33	-13
2358	20	33	-13
2359	20	33	-13
2360	20	33	-13
2361	20	33	-13
2362	20	33	-13
2363	20	33	-13
2364	20	33	-13
2365	20	33	-13
2366	20	33	-13
2367	20	33	-13
2368	20	33	-13
2369	20	33	-13
2370	20	33	-13
2371	20	33	-13
2372	20	33	-13
2373	20	33	-13
2374	20	33	-13
2375	20	33	-13
2376	20	33	-13
2377	20	33	-13
2378	20	33	-13
2379	20	33	-13
2380	20	33	-13
2381	20	33	-13
2382	20	33	-13
2383	20	33	-13
2384	20	33	-13
2385	20	33	-13
2386	20	33	-13
2387	20	33	-13
2388	20	33	-13
2389	20	33	-13
2390	20	33	-13
2391	20	33	-13
2392	20	33	-13
2393	20	33	-13
2394	20	33	-13
2395	20	33	-13
2396	20	33	-13
2397	20	33	-13
2398	20	33	-13
2399	20	33	-13
2400	20	33	-13
2401	20	33	-13
2402	20	33	-13
2403	20	33	-13
2404	20	33	-13
2405	20	33	-13
2406	20	33	-13
2407	20	33	-13
2408	20	33	-13
2409	20	33	-13
2410	20	33	-13
2411	20	33	-13
2412	20	33	-13
2413	20	33	-13
2414	20	33	-13
2415	20	33	-13
2416	20	33	-13
2417	20	33	-13
2418	20	33	-13
2419	20	33	-13
2420	20	33	-13
2421	20	33	-13
2422	20	33	-13
2423	20	33	-13
2424	20	33	-13
2425	20	33	-13
2426	20	33	-13
2427	20	33	-13
2428	20	33	-13
2429	20	33	-13
2430	20	33	-13
2431	20	33	-13
2432	20	33	-13
2433	20	33	-13
2434	20	33	-13
2435	20	33	-13
2436	20	33	-13
2437	20	33	-13
2438	20	33	-13
2439	20	33	-13
2440	20	33	-13
2441	20	33	-13
2442	20	33	-13
2443	20	33	-13
2444	20	33	-13
2445	20	33	-13
2446	20	33	-13
2447	20	33	-13
2448	20	33	-13
2449	20	33	-13
2450	20	33	-13
2451	20	33	-13
2452	20	33	-13
2453	20	33	-13
2454	20	33	-13
2455	20	33	-13
2456	20	33	-13
2457	20	33	-13
2458	20	33	-13
2459	20	33	-13
2460	20	33	-13
2461	20	33	-13
2462	20	33	-13
2463	20	33	-13
2464	20	33	-13
2465	20	33	-13
2466	20	33	-13
2467	20	33	-13
2468	20	33	-13
2469	20	33	-13
2470	20	33	-13
2471	20	33	-13
2472	20	33	-13
2473	20	33	-13
2474	20	33	-13
2475	20	33	-13
2476	20	33	-13
2477	20	33	-13
2478	20	33	-13
2479	20	33	-13
2480	20	33	-13
2481	20	33	-13
2482	20	33	-13
2483	20	33	-13
2484	20	33	-13
2485	20	33	-13
2486	20	33	-13
2487	20	33	-13
2488	20	33	-13
2489	20	33	-13
2490	20	33	-13
2491	20	33	-13
2492	20	33	-13
2493	20	33	-13
2494	20	33	-13
2495	20	33	-13
2496	20	33	-13
2497	20	33	-13
2498	20	33	-13
2499	20	33	-13
2500	20	33	-13
2501	20	33	-13
2502	20	33	-13
2503	20	33	-13
2504	20	33	-13
2505	20	33	-13
2506	20	33	-13
2507	20	33	-13
2508	20	33	-13
2509	20	33	-13
2510	20	33	-13
2511	20	33	-13
2512	20	33	-13
2513	20	33	-13
2514	20	33	-13
2515	20	33	-13
2516	20	33	-13
2517	20	33	-13
2518	20	33	-13
2519	20	33	-13
2520	20	33	-13
2521	20	33	-13
2522	20	33	-13
2523	20	33	-13
2524	20	33	-13
2525	20	33	-13
2526	20	33	-13
2527	20	33	-13
2528	20	33	-13
2529	20	33	-13
2530	20	33	-13
2531	20	33	-13
2532	20	33	-13
2533	20	33	-13
2534	20	33	-13
2535	20	33	-13
2536	20	33	-13
2537	20	33	-13
2538	20	33	-13
2539	20	33	-13
2540	20	33	-13
2541	20	33	-13
2542	20	33	-13
2543	20	33	-13
2544	20	33	-13
2545	20	33	-13
2546	20	33	-13
2547	20	33	-13
2548	20	33	-13
2549	20	33	-13
2550	20	33	-13
2551	20	33	-13
2552	20	33	-13
2553	20	33	-13
2554	20	33	-13
2555	20	33	-13
2556	20	33	-13
2557	20	33	-13
2558	20	33	-13
2559	20	33	-13
2560	20	33	-13
2561	20	33	-13
2562	20	33	-13
2563	20	33	-13
2564	20	33	-13
2565	20	33	-13
2566	20	33	-13
2567	20	33	-13
2568	20	33	-13
2569	20	33	-13
2570	20	33	-13
2571	20	33	-13
2572	20	33	-13
2573	20	33	-13
2574	20	33	-13
2575	20	33	-13
2576	20	33	-13
2577	20	33	-13
2578	20	33	-13
2579	20	33	-13
2580	20	33	-13
2581	20	33	-13
2582	20	33	-13
2583	20	33	-13
2584	20	33	-13
2585	20	33	-13
2586	20	33	-13
2587	20	33	-13
2588	20	33	-13
2589	20	33	-13
2590	20	33	-13
2591	20	33	-13
2592	21	33	-12
2593	21	33	-12
2594	21	33	-12
2595	21	33	-12
2596	21	33	-12
2597	21	33	-12
2598	21	33	-12
2599	21	33	-12
2600	21	33	-12
2601	21	33	-12
2602	21	33	-12
2603	21	33	-12
2604	21	33	-12
2605	21	33	-12
2606	21	33	-12
2607	21	33	-12
2608	21	33	-12
2609	21	33	-12
2610	21	33	-12
2611	20	33	-13
2612	20	33	-13
2613	20	33	-13
2614	20	33	-13
2615	20	33	-13
2616	20	33	-13
2617	20	33	-13
2618	20	33	-13
2619	20	33	-13
2620	20	33	-13
2621	20	33	-13
2622	20	33	-13
2623	20	33	-13
2624	20	33	-13
2625	20	33	-13
2626	20	33	-13
2627	20	33	-13
2628	20	33	-13
2629	20	33	-13
2630	20	33	-13
2631	20	33	-13
2632	20	33	-13
2633	20	33	-13
2634	20	33	-13
2635	20	33	-13
2636	20	33	-13
2637	20	33	-13
2638	20	33	-13
2639	20	33	-13
2640	20	33	-13
2641	20	33	-13
2642	20	33	-13
2643	20	33	-13
2644	20	33	-13
2645	20	33	-13
2646	20	33	-13
2647	20	33	-13
2648	20	33	-13
2649	20	33	-13
2650	20	33	-13
2651	20	33	-13
2652	20	33	-13
2653	20	33	-13
2654	20	33	-13
2655	20	33	-13
2656	20	33	-13
2657	20	33	-13
2658	20	33	-13
2659	20	33	-13
2660	20	33	-13
2661	20	33	-13
2662	20	33	-13
2663	20	33	-13
2664	20	33	-13
2665	20	33	-13
2666	20	33	-13
2667	20	33	-13
2668	20	33	-13
2669	20	33	-13
2670	20	33	-13
2671	20	33	-13
2672	20	33	-13
2673	20	33	-13
2674	20	33	-13
2675	20	33	-13
2676	20	33	-13
2677	20	33	-13
2678	20	33	-13
2679	20	33	-13
2680	20	33	-13
2681	20	33	-13
2682	20	33	-13
2683	20	33	-13
2684	20	33	-13
2685	20	33	-13
2686	20	33	-13
2687	20	33	-13
2688	20	33	-13
2689	20	33	-13
2690	20	33	-13
2691	20	33	-13
2692	20	33	-13
2693	20	33	-13
2694	20	33	-13
2695	20	33	-13
2696	20	33	-13
2697	20	33	-13
2698	20	33	-13
2699	20	33	-13
2700	20	33	-13
2701	20	33	-13
2702	20	33	-13
2703	20	33	-13
2704	20	33	-13
2705	20	33	-13
2706	20	33	-13
2707	20	33	-13
2708	20	33	-13
2709	20	33	-13
2710	20	33	-13
2711	20	33	-13
2712	20	33	-13
2713	20	33	-13
2714	20	33	-13
2715	20	33	-13
2716	20	33	-13
2717	20	33	-13
2718	20	33	-13
2719	20	33	-13
2720	20	33	-13
2721	20	33	-13
2722	20	33	-13
2723	20	33	-13
2724	20	33	-13
2725	20	33	-13
2726	20	33	-13
2727	20	33	-13
2728	20	33	-13
2729	20	33	-13
2730	20	33	-13
2731	21	33	-12
2732	20	33	-13
2733	21	33	-12
2734	21	33	-12
2735	21	33	-12
2736	21	33	-12
2737	21	33	-12
2738	21	33	-12
2739	21	33	-12
2740	21	33	-12
2741	21	33	-12
2742	21	33	-12
2743	21	33	-12
2744	21	33	-12
2745	21	33	-12
2746	21	33	-12
2747	21	33	-12
2748	21	33	-12
2749	21	33	-12
2750	21	33	-12
2751	21	33	-12
2752	21	33	-12
2753	21	33	-12
2754	21	33	-12
2755	21	33	-12
2756	21	33	-12
2757	21	33	-12
2758	21	33	-12
2759	21	33	-12
2760	21	33	-12
2761	21	33	-12
2762	21	33	-12
2763	21	33	-12
2764	21	33	-12
2765	21	33	-12
2766	21	33	-12
2767	21	33	-12
2768	21	33	-12
2769	21	33	-12
2770	21	33	-12
2771	21	33	-12
2772	21	33	-12
2773	21	33	-12
2774	21	33	-12
2775	21	33	-12
2776	21	33	-12
2777	21	33	-12
2778	21	33	-12
2779	21	33	-12
2780	21	33	-12
2781	21	33	-12
2782	21	33	-12
2783	21	33	-12
2784	21	33	-12
2785	21	33	-12
2786	21	33	-12
2787	22	33	-11
2788	22	33	-11
2789	22	33	-11
2790	22	33	-11
2791	22	33	-11
2792	22	33	-11
2793	22	33	-11
2794	22	33	-11
2795	22	33	-11
2796	22	33	-11
2797	22	33	-11
2798	22	33	-11
2799	22	33	-11
2800	22	33	-11
2801	22	33	-11
2802	22	33	-11
2803	22	33	-11
2804	22	33	-11
2805	22	33	-11
2806	22	33	-11
2807	22	33	-11
2808	22	33	-11
2809	22	33	-11
2810	22	33	-11
2811	22	33	-11
2812	22	33	-11
2813	22	33	-11
2814	22	33	-11
2815	22	33	-11
2816	22	33	-11
2817	22	33	-11
2818	22	33	-11
2819	22	33	-11
2820	22	33	-11
2821	22	33	-11
2822	22	33	-11
2823	22	33	-11
2824	22	33	-11
2825	22	33	-11
2826	22	33	-11
2827	22	33	-11
2828	22	33	-11
2829	22	33	-11
2830	22	33	-11
2831	22	33	-11
2832	22	33	-11
2833	22	33	-11
2834	22	33	-11
2835	22	33	-11
2836	22	33	-11
2837	22	33	-11
2838	22	33	-11
2839	22	33	-11
2840	22	33	-11
2841	22	33	-11
2842	22	33	-11
2843	22	33	-11
2844	22	33	-11
2845	22	33	-11
2846	22	33	-11
2847	22	33	-11
2848	22	33	-11
2849	22	33	-11
2850	22	33	-11
2851	22	33	-11
2852	22	33	-11
2853	22	33	-11
2854	22	33	-11
2855	22	33	-11
2856	22	33	-11
2857	22	33	-11
2858	22	33	-11
2859	22	33	-11
2860	22	33	-11
2861	22	33	-11
2862	22	33	-11
2863	22	33	-11
2864	22	33	-11
2865	22	33	-11
2866	22	33	-11
2867	22	33	-11
2868	22	33	-11
2869	22	33	-11
2870	22	33	-11
2871	22	33	-11
2872	22	33	-11
2873	22	33	-11
2874	22	33	-11
2875	22	33	-11
2876	22	33	-11
2877	22	33	-11
2878	22	33	-11
2879	22	33	-11
2880	22	33	-11
2881	22	33	-11
2882	22	33	-11
2883	22	33	-11
2884	22	33	-11
2885	22	33	-11
2886	22	33	-11
2887	22	33	-11
2888	22	33	-11
2889	22	33	-11
2890	22	33	-11
2891	22	33	-11
2892	22	33	-11
2893	22	33	-11
2894	22	33	-11
2895	22	33	-11
2896	22	33	-11
2897	22	33	-11
2898	22	33	-11
2899	22	33	-11
2900	22	33	-11
2901	22	33	-11
2902	22	33	-11
2903	22	33	-11
2904	22	33	-11
2905	22	33	-11
2906	22	33	-11
2907	22	33	-11
2908	22	33	-11
2909	22	33	-11
2910	22	33	-11
2911	22	33	-11
2912	22	33	-11
2913	22	33	-11
2914	22	33	-11
2915	22	33	-11
2916	22	33	-11
2917	22	33	-11
2918	22	33	-11
2919	22	33	-11
2920	22	33	-11
2921	22	33	-11
2922	22	33	-11
2923	22	33	-11
2924	22	33	-11
2925	22	33	-11
2926	22	33	-11
2927	22	33	-11
2928	22	33	-11
2929	22	33	-11
2930	22	33	-11
2931	22	33	-11
2932	22	33	-11
2933	22	33	-11
2934	22	33	-11
2935	22	33	-11
2936	22	33	-11
2937	22	33	-11
2938	22	33	-11
2939	22	33	-11
2940	22	33	-11
2941	22	33	-11
2942	22	33	-11
2943	22	33	-11
2944	22	33	-11
2945	22	33	-11
2946	22	33	-11
2947	22	33	-11
2948	22	33	-11
2949	22	33	-11
2950	22	33	-11
2951	22	33	-11
2952	22	33	-11
2953	22	33	-11
2954	22	33	-11
2955	22	33	-11
2956	22	33	-11
2957	22	33	-11
2958	22	33	-11
2959	22	33	-11
2960	22	33	-11
2961	22	33	-11
2962	22	33	-11
2963	22	33	-11
2964	22	33	-11
2965	22	33	-11
2966	22	33	-11
2967	22	33	-11
2968	22	33	-11
2969	22	33	-11
2970	22	33	-11
2971	22	33	-11
2972	22	33	-11
2973	22	33	-11
2974	22	33	-11
2975	22	33	-11
2976	22	33	-11
2977	22	33	-11
2978	22	33	-11
2979	22	33	-11
2980	22	33	-11
2981	22	33	-11
2982	22	33	-11
2983	22	33	-11
2984	22	33	-11
2985	22	33	-11
2986	22	33	-11
2987	22	33	-11
2988	22	33	-11
2989	22	33	-11
2990	22	33	-11
2991	22	33	-11
2992	22	33	-11
2993	22	33	-11
2994	22	33	-11
2995	22	33	-11
2996	22	33	-11
2997	22	33	-11
2998	22	33	-11
2999	22	33	-11
3000	22	33	-11
3001	22	33	-11
3002	22	33	-11
3003	22	33	-11
3004	22	33	-11
3005	22	33	-11
3006	22	33	-11
3007	22	33	-11
3008	22	33	-11
3009	22	33	-11
3010	22	33	-11
3011	22	33	-11
3012	22	33	-11
3013	22	33	-11
3014	22	33	-11
3015	22	33	-11
3016	22	33	-11
3017	22	33	-11
3018	22	33	-11
3019	22	33	-11
3020	22	33	-11
3021	22	33	-11
3022	22	33	-11
3023	22	33	-11
3024	22	33	-11
3025	22	33	-11
3026	22	33	-11
3027	22	33	-11
3028	22	33	-11
3029	22	33	-11
3030	22	33	-11
3031	22	33	-11
3032	22	33	-11
3033	22	33	-11
3034	22	33	-11
3035	22	33	-11
3036	22	33	-11
3037	22	33	-11
3038	22	33	-11
3039	22	33	-11
3040	22	33	-11
3041	22	33	-11
3042	22	33	-11
3043	22	33	-11
3044	22	33	-11
3045	22	33	-11
3046	22	33	-11
3047	22	33	-11
3048	22	33	-11
3049	22	33	-11
3050	22	33	-11
3051	22	33	-11
3052	22	33	-11
3053	22	33	-11
3054	22	33	-11
3055	22	33	-11
3056	22	33	-11
3057	22	33	-11
3058	22	33	-11
3059	22	33	-11
3060	22	33	-11
3061	22	33	-11
3062	22	33	-11
3063	22	33	-11
3064	22	33	-11
3065	22	33	-11
3066	22	33	-11
3067	22	33	-11
3068	22	33	-11
3069	22	33	-11
3070	22	33	-11
3071	22	33	-11
3072	22	33	-11
3073	22	33	-11
3074	22	33	-11
3075	22	33	-11
3076	22	33	-11
3077	22	33	-11
3078	22	33	-11
3079	22	33	-11
3080	22	33	-11
3081	22	33	-11
3082	22	33	-11
3083	22	33	-11
3084	22	33	-11
3085	22	33	-11
3086	22	33	-11
3087	22	33	-11
3088	22	33	-11
3089	22	33	-11
3090	22	33	-11
3091	22	33	-11
3092	22	33	-11
3093	22	33	-11
3094	22	33	-11
3095	22	33	-11
3096	22	33	-11
3097	22	33	-11
3098	22	33	-11
3099	22	33	-11
3100	22	33	-11
3101	22	33	-11
3102	22	33	-11
3103	22	33	-11
3104	22	33	-11
3105	22	33	-11
3106	22	33	-11
3107	22	33	-11
3108	22	33	-11
3109	22	33	-11
3110	22	33	-11
3111	22	33	-11
3112	22	33	-11
3113	22	33	-11
3114	22	33	-11
3115	22	33	-11
3116	22	33	-11
3117	22	33	-11
3118	22	33	-11
3119	22	33	-11
3120	22	33	-11
3121	22	33	-11
3122	22	33	-11
3123	22	33	-11
3124	22	33	-11
3125	22	33	-11
3126	22	33	-11
3127	22	33	-11
3128	22	33	-11
3129	22	33	-11
3130	22	33	-11
3131	22	33	-11
3132	22	33	-11
3133	22	33	-11
3134	22	33	-11
3135	22	33	-11
3136	22	33	-11
3137	22	33	-11
3138	22	33	-11
3139	22	33	-11
3140	22	33	-11
3141	22	33	-11
3142	22	33	-11
3143	22	33	-11
3144	22	33	-11
3145	22	33	-11
3146	22	33	-11
3147	22	33	-11
3148	22	33	-11
3149	22	33	-11
3150	22	33	-11
3151	22	33	-11
3152	22	33	-11
3153	22	33	-11
3154	22	33	-11
3155	22	33	-11
3156	22	33	-11
3157	22	33	-11
3158	22	33	-11
3159	22	33	-11
3160	22	33	-11
3161	22	33	-11
3162	22	33	-11
3163	22	33	-11
3164	22	33	-11
3165	22	33	-11
3166	22	33	-11
3167	22	33	-11
3168	22	33	-11
3169	22	33	-11
3170	22	33	-11
3171	22	33	-11
3172	22	33	-11
3173	22	33	-11
3174	22	33	-11
3175	22	33	-11
3176	22	33	-11
3177	22	33	-11
3178	22	33	-11
3179	22	33	-11
3180	22	33	-11
3181	22	33	-11
3182	22	33	-11
3183	22	33	-11
3184	22	33	-11
3185	22	33	-11
3186	22	33	-11
3187	22	33	-11
3188	22	33	-11
3189	22	33	-11
3190	22	33	-11
3191	22	33	-11
3192	22	33	-11
3193	22	33	-11
3194	22	33	-11
3195	22	33	-11
3196	22	33	-11
3197	22	33	-11
3198	22	33	-11
3199	22	33	-11
3200	22	33	-11
3201	22	33	-11
3202	22	33	-11
3203	22	33	-11
3204	22	33	-11
3205	22	33	-11
3206	22	33	-11
3207	22	33	-11
3208	22	33	-11
3209	22	33	-11
3210	22	33	-11
3211	22	33	-11
3212	22	33	-11
3213	22	33	-11
3214	22	33	-11
3215	22	33	-11
3216	22	33	-11
3217	22	33	-11
3218	22	33	-11
3219	22	33	-11
3220	22	33	-11
3221	22	33	-11
3222	22	33	-11
3223	22	33	-11
3224	22	33	-11
3225	22	33	-11
3226	22	33	-11
3227	22	33	-11
3228	22	33	-11
3229	22	33	-11
3230	22	33	-11
3231	22	33	-11
3232	22	33	-11
3233	22	33	-11
3234	22	33	-11
3235	22	33	-11
3236	22	33	-11
3237	22	33	-11
3238	22	33	-11
3239	22	33	-11
3240	22	33	-11
3241	22	33	-11
3242	22	33	-11
3243	22	33	-11
3244	22	33	-11
3245	22	33	-11
3246	22	33	-11
3247	22	33	-11
3248	22	33	-11
3249	22	33	-11
3250	22	33	-11
3251	22	33	-11
3252	22	33	-11
3253	22	33	-11
3254	22	33	-11
3255	22	33	-11
3256	22	33	-11
3257	22	33	-11
3258	22	33	-11
3259	22	33	-11
3260	22	33	-11
3261	22	33	-11
3262	22	33	-11
3263	22	33	-11
3264	22	33	-11
3265	22	33	-11
3266	22	33	-11
3267	22	33	-11
3268	22	33	-11
3269	22	33	-11
3270	22	33	-11
3271	22	33	-11
3272	22	33	-11
3273	22	33	-11
3274	22	33	-11
3275	22	33	-11
3276	22	33	-11
3277	22	33	-11
3278	22	33	-11
3279	22	33	-11
3280	22	33	-11
3281	22	33	-11
3282	22	33	-11
3283	22	33	-11
3284	22	33	-11
3285	22	33	-11
3286	22	33	-11
3287	22	33	-11
3288	22	33	-11
3289	22	33	-11
3290	22	33	-11
3291	22	33	-11
3292	22	33	-11
3293	22	33	-11
3294	22	33	-11
3295	22	33	-11
3296	22	33	-11
3297	22	33	-11
3298	22	33	-11
3299	22	33	-11
3300	22	33	-11
3301	22	33	-11
3302	22	33	-11
3303	22	33	-11
3304	22	33	-11
3305	22	33	-11
3306	22	33	-11
3307	22	33	-11
3308	22	33	-11
3309	22	33	-11
3310	22	33	-11
3311	22	33	-11
3312	22	33	-11
3313	22	33	-11
3314	22	33	-11
3315	22	33	-11
3316	22	33	-11
3317	22	33	-11
3318	22	33	-11
3319	22	33	-11
3320	22	33	-11
3321	22	33	-11
3322	22	33	-11
3323	22	33	-11
3324	22	33	-11
3325	22	33	-11
3326	22	33	-11
3327	22	33	-11
3328	22	33	-11
3329	22	33	-11
3330	22	33	-11
3331	22	33	-11
3332	22	33	-11
3333	22	33	-11
3334	22	33	-11
3335	22	33	-11
3336	22	33	-11
3337	22	33	-11
3338	22	33	-11
3339	22	33	-11
3340	22	33	-11
3341	22	33	-11
3342	22	33	-11
3343	22	33	-11
3344	22	33	-11
3345	22	33	-11
3346	22	33	-11
3347	22	33	-11
3348	22	33	-11
3349	22	33	-11
3350	22	33	-11
3351	22	33	-11
3352	22	33	-11
3353	22	33	-11
3354	22	33	-11
3355	22	33	-11
3356	22	33	-11
3357	22	33	-11
3358	22	33	-11
3359	22	33	-11
3360	22	33	-11
3361	22	33	-11
3362	22	33	-11
3363	22	33	-11
3364	22	33	-11
3365	22	33	-11
3366	22	33	-11
3367	22	33	-11
3368	22	33	-11
3369	22	33	-11
3370	22	33	-11
3371	22	33	-11
3372	22	33	-11
3373	22	33	-11
3374	22	33	-11
3375	22	33	-11
3376	22	33	-11
3377	22	33	-11
3378	22	33	-11
3379	22	33	-11
3380	22	33	-11
3381	22	33	-11
3382	22	33	-11
3383	22	33	-11
3384	22	33	-11
3385	22	33	-11
3386	22	33	-11
3387	22	33	-11
3388	22	33	-11
3389	22	33	-11
3390	22	33	-11
3391	22	33	-11
3392	22	33	-11
3393	22	33	-11
3394	22	33	-11
3395	22	33	-11
3396	22	33	-11
3397	22	33	-11
3398	22	33	-11
3399	22	33	-11
3400	22	33	-11
3401	22	33	-11
3402	22	33	-11
3403	22	33	-11
3404	22	33	-11
3405	22	33	-11
3406	22	33	-11
3407	22	33	-11
3408	22	33	-11
3409	22	33	-11
3410	22	33	-11
3411	22	33	-11
3412	22	33	-11
3413	22	33	-11
3414	22	33	-11
3415	22	33	-11
3416	22	33	-11
3417	22	33	-11
3418	22	33	-11
3419	22	33	-11
3420	22	33	-11
3421	22	33	-11
3422	22	33	-11
3423	22	33	-11
3424	22	33	-11
3425	22	33	-11
3426	22	33	-11
3427	22	33	-11
3428	22	33	-11
3429	22	33	-11
3430	22	33	-11
3431	22	33	-11
3432	22	33	-11
3433	22	33	-11
3434	22	33	-11
3435	22	33	-11
3436	22	33	-11
3437	22	33	-11
3438	22	33	-11
3439	22	33	-11
3440	22	33	-11
3441	22	33	-11
3442	22	33	-11
3443	22	33	-11
3444	22	33	-11
3445	22	33	-11
3446	22	33	-11
3447	22	33	-11
3448	22	33	-11
3449	22	33	-11
3450	22	33	-11
3451	22	33	-11
3452	22	33	-11
3453	22	33	-11
3454	22	33	-11
3455	22	33	-11
3456	22	33	-11
3457	22	33	-11
3458	22	33	-11
3459	22	33	-11
3460	22	33	-11
3461	22	33	-11
3462	22	33	-11
3463	22	33	-11
3464	22	33	-11
3465	22	33	-11
3466	22	33	-11
3467	22	33	-11
3468	22	33	-11
3469	22	33	-11
3470	22	33	-11
3471	22	33	-11
3472	22	33	-11
3473	22	33	-11
3474	22	33	-11
3475	22	33	-11
3476	22	33	-11
3477	22	33	-11
3478	22	33	-11
3479	22	33	-11
3480	22	33	-11
3481	22	33	-11
3482	22	33	-11
3483	22	33	-11
3484	22	33	-11
3485	22	33	-11
3486	22	33	-11
3487	22	33	-11
3488	22	33	-11
3489	22	33	-11
3490	22	33	-11
3491	22	33	-11
3492	22	33	-11
3493	22	33	-11
3494	22	33	-11
3495	22	33	-11
3496	22	33	-11
3497	22	33	-11
3498	22	33	-11
3499	22	33	-11
3500	22	33	-11
3501	22	33	-11
3502	22	33	-11
3503	22	33	-11
3504	22	33	-11
3505	22	33	-11
3506	22	33	-11
3507	22	33	-11
3508	22	33	-11
3509	22	33	-11
3510	22	33	-11
3511	22	33	-11
3512	22	33	-11
3513	22	33	-11
3514	22	33	-11
3515	22	33	-11
3516	22	33	-11
3517	22	33	-11
3518	22	33	-11
3519	22	33	-11
3520	22	33	-11
3521	22	33	-11
3522	22	33	-11
3523	22	33	-11
3524	22	33	-11
3525	22	33	-11
3526	22	33	-11
3527	22	33	-11
3528	22	33	-11
3529	22	33	-11
3530	22	33	-11
3531	22	33	-11
3532	22	33	-11
3533	22	33	-11
3534	22	33	-11
3535	22	33	-11
3536	22	33	-11
3537	22	33	-11
3538	22	33	-11
3539	22	33	-11
3540	22	33	-11
3541	22	33	-11
3542	22	33	-11
3543	22	33	-11
3544	22	33	-11
3545	22	33	-11
3546	22	33	-11
3547	22	33	-11
3548	22	33	-11
3549	22	33	-11
3550	22	33	-11
3551	22	33	-11
3552	22	33	-11
3553	22	33	-11
3554	22	33	-11
3555	22	33	-11
3556	22	33	-11
3557	22	33	-11
3558	22	33	-11
3559	22	33	-11
3560	22	33	-11
3561	22	33	-11
3562	22	33	-11
3563	22	33	-11
3564	22	33	-11
3565	22	33	-11
3566	22	33	-11
3567	22	33	-11
3568	22	33	-11
3569	22	33	-11
3570	22	33	-11
3571	22	33	-11
3572	22	33	-11
3573	22	33	-11
3574	22	33	-11
3575	22	33	-11
3576	22	33	-11
3577	22	33	-11
3578	22	33	-11
3579	22	33	-11
3580	22	33	-11
3581	22	33	-11
3582	22	33	-11
3583	22	33	-11
3584	22	33	-11
3585	22	33	-11
3586	22	33	-11
3587	22	33	-11
3588	22	33	-11
3589	22	33	-11
3590	22	33	-11
3591	22	33	-11
3592	22	33	-11
3593	22	33	-11
3594	22	33	-11
3595	22	33	-11
3596	22	33	-11
3597	22	33	-11
3598	22	33	-11
3599	22	33	-11
3600	22	33	-11
3601	22	33	-11
3602	22	33	-11
3603	22	33	-11
3604	22	33	-11
3605	22	33	-11
3606	22	33	-11
3607	22	33	-11
3608	22	33	-11
3609	22	33	-11
3610	22	33	-11
3611	22	33	-11
3612	22	33	-11
3613	22	33	-11
3614	22	33	-11
3615	22	33	-11
3616	22	33	-11
3617	22	33	-11
3618	22	33	-11
3619	22	33	-11
3620	22	33	-11
3621	22	33	-11
3622	22	33	-11
3623	22	33	-11
3624	22	33	-11
3625	22	33	-11
3626	22	33	-11
3627	22	33	-11
3628	22	33	-11
3629	22	33	-11
3630	22	33	-11
3631	22	33	-11
3632	22	33	-11
3633	22	33	-11
3634	22	33	-11
3635	22	33	-11
3636	22	33	-11
3637	22	33	-11
3638	22	33	-11
3639	22	33	-11
3640	22	33	-11
3641	22	33	-11
3642	22	33	-11
3643	22	33	-11
3644	22	33	-11
3645	22	33	-11
3646	22	33	-11
3647	22	33	-11
3648	22	33	-11
3649	22	33	-11
3650	22	33	-11
3651	22	33	-11
3652	22	33	-11
3653	22	33	-11
3654	22	33	-11
3655	22	33	-11
3656	22	33	-11
3657	22	33	-11
3658	22	33	-11
3659	22	33	-11
3660	22	33	-11
3661	22	33	-11
3662	22	33	-11
3663	22	33	-11
3664	22	33	-11
3665	22	33	-11
3666	22	33	-11
3667	22	33	-11
3668	22	33	-11
3669	22	33	-11
3670	22	33	-11
3671	22	33	-11
3672	22	33	-11
3673	22	33	-11
3674	22	33	-11
3675	22	33	-11
3676	22	33	-11
3677	22	33	-11
3678	22	33	-11
3679	22	33	-11
3680	22	33	-11
3681	22	33	-11
3682	22	33	-11
3683	22	33	-11
3684	22	33	-11
3685	22	33	-11
3686	22	33	-11
3687	22	33	-11
3688	22	33	-11
3689	22	33	-11
3690	22	33	-11
3691	22	33	-11
3692	22	33	-11
3693	22	33	-11
3694	22	33	-11
3695	22	33	-11
3696	22	33	-11
3697	22	33	-11
3698	22	33	-11
3699	22	33	-11
3700	22	33	-11
3701	22	33	-11
3702	22	33	-11
3703	22	33	-11
3704	22	33	-11
3705	22	33	-11
3706	22	33	-11
3707	22	33	-11
3708	22	33	-11
3709	22	33	-11
3710	22	33	-11
3711	22	33	-11
3712	22	33	-11
3713	22	33	-11
3714	22	33	-11
3715	22	33	-11
3716	22	33	-11
3717	22	33	-11
3718	22	33	-11
3719	22	33	-11
3720	22	33	-11
3721	22	33	-11
3722	22	33	-11
3723	22	33	-11
3724	22	33	-11
3725	22	33	-11
3726	22	33	-11
3727	22	33	-11
3728	22	33	-11
3729	22	33	-11
3730	22	33	-11
3731	22	33	-11
3732	22	33	-11
3733	22	33	-11
3734	22	33	-11
3735	22	33	-11
3736	22	33	-11
3737	22	33	-11
3738	22	33	-11
3739	22	33	-11
3740	22	33	-11
3741	22	33	-11
3742	22	33	-11
3743	22	33	-11
3744	22	33	-11
3745	22	33	-11
3746	22	33	-11
3747	22	33	-11
3748	22	33	-11
3749	22	33	-11
3750	22	33	-11
3751	22	33	-11
3752	22	33	-11
3753	22	33	-11
3754	22	33	-11
3755	22	33	-11
3756	22	33	-11
3757	22	33	-11
3758	22	33	-11
3759	22	33	-11
3760	22	33	-11
3761	22	33	-11
3762	22	33	-11
3763	22	33	-11
3764	22	33	-11
3765	22	33	-11
3766	22	33	-11
3767	22	33	-11
3768	22	33	-11
3769	22	33	-11
3770	22	33	-11
3771	22	33	-11
3772	22	33	-11
3773	22	33	-11
3774	22	33	-11
3775	22	33	-11
3776	22	33	-11
3777	22	33	-11
3778	22	33	-11
3779	22	33	-11
3780	22	33	-11
3781	22	33	-11
3782	22	33	-11
3783	22	33	-11
3784	22	33	-11
3785	22	33	-11
3786	22	33	-11
3787	22	33	-11
3788	22	33	-11
3789	22	33	-11
3790	22	33	-11
3791	22	33	-11
3792	22	33	-11
3793	22	33	-11
3794	22	33	-11
3795	22	33	-11
3796	22	33	-11
3797	22	33	-11
3798	22	33	-11
3799	22	33	-11
3800	22	33	-11
3801	22	33	-11
3802	22	33	-11
3803	22	33	-11
3804	22	33	-11
3805	22	33	-11
3806	22	33	-11
3807	22	33	-11
3808	22	33	-11
3809	22	33	-11
3810	22	33	-11
3811	22	33	-11
3812	22	33	-11
3813	22	33	-11
3814	22	33	-11
3815	22	33	-11
3816	22	33	-11
3817	22	33	-11
3818	22	33	-11
3819	22	33	-11
3820	22	33	-11
3821	22	33	-11
3822	22	33	-11
3823	22	33	-11
3824	22	33	-11
3825	22	33	-11
3826	22	33	-11
3827	22	33	-11
3828	22	33	-11
3829	22	33	-11
3830	22	33	-11
3831	22	33	-11
3832	22	33	-11
3833	22	33	-11
3834	22	33	-11
3835	22	33	-11
3836	22	33	-11
3837	22	33	-11
3838	22	33	-11
3839	22	33	-11
3840	22	33	-11
3841	22	33	-11
3842	22	33	-11
3843	22	33	-11
3844	22	33	-11
3845	22	33	-11
3846	22	33	-11
3847	22	33	-11
3848	22	33	-11
3849	22	33	-11
3850	22	33	-11
3851	22	33	-11
3852	22	33	-11
3853	22	33	-11
3854	22	33	-11
3855	22	33	-11
3856	22	33	-11
3857	22	33	-11
3858	22	33	-11
3859	22	33	-11
3860	22	33	-11
3861	22	33	-11
3862	22	33	-11
3863	22	33	-11
3864	22	33	-11
3865	22	33	-11
3866	22	33	-11
3867	22	33	-11
3868	22	33	-11
3869	22	33	-11
3870	22	33	-11
3871	22	33	-11
3872	22	33	-11
3873	22	33	-11
3874	22	33	-11
3875	22	33	-11
3876	22	33	-11
3877	22	33	-11
3878	22	33	-11
3879	22	33	-11
3880	22	33	-11
3881	22	33	-11
3882	22	33	-11
3883	22	33	-11
3884	22	33	-11
3885	22	33	-11
3886	22	33	-11
3887	22	33	-11
3888	22	33	-11
3889	22	33	-11
3890	22	33	-11
3891	22	33	-11
3892	22	33	-11
3893	22	33	-11
3894	22	33	-11
3895	22	33	-11
3896	22	33	-11
3897	22	33	-11
3898	22	33	-11
3899	22	33	-11
3900	22	33	-11
3901	22	33	-11
3902	22	33	-11
3903	22	33	-11
3904	22	33	-11
3905	22	33	-11
3906	22	33	-11
3907	22	33	-11
3908	22	33	-11
3909	22	33	-11
3910	22	33	-11
3911	22	33	-11
3912	22	33	-11
3913	22	33	-11
3914	22	33	-11
3915	22	33	-11
3916	22	33	-11
3917	22	33	-11
3918	22	33	-11
3919	22	33	-11
3920	22	33	-11
3921	22	33	-11
3922	22	33	-11
3923	22	33	-11
3924	22	33	-11
3925	22	33	-11
3926	22	33	-11
3927	22	33	-11
3928	22	33	-11
3929	22	33	-11
3930	22	33	-11
3931	22	33	-11
3932	22	33	-11
3933	22	33	-11
3934	22	33	-11
3935	22	33	-11
3936	22	33	-11
3937	22	33	-11
3938	22	33	-11
3939	22	33	-11
3940	22	33	-11
3941	22	33	-11
3942	22	33	-11
3943	22	33	-11
3944	22	33	-11
3945	22	33	-11
3946	22	33	-11
3947	22	33	-11
3948	22	33	-11
3949	22	33	-11
3950	22	33	-11
3951	22	33	-11
3952	22	33	-11
3953	22	33	-11
3954	22	33	-11
3955	22	33	-11
3956	22	33	-11
3957	22	33	-11
3958	22	33	-11
3959	22	33	-11
3960	22	33	-11
3961	22	33	-11
3962	22	33	-11
3963	22	33	-11
3964	22	33	-11
3965	22	33	-11
3966	22	33	-11
3967	22	33	-11
3968	22	33	-11
3969	22	33	-11
3970	22	33	-11
3971	22	33	-11
3972	22	33	-11
3973	22	33	-11
3974	22	33	-11
3975	22	33	-11
3976	22	33	-11
3977	22	33	-11
3978	22	33	-11
3979	22	33	-11
3980	22	33	-11
3981	22	33	-11
3982	22	33	-11
3983	22	33	-11
3984	22	33	-11
3985	22	33	-11
3986	22	33	-11
3987	22	33	-11
3988	22	33	-11
3989	22	33	-11
3990	22	33	-11
3991	22	33	-11
3992	22	33	-11
3993	22	33	-11
3994	22	33	-11
3995	22	33	-11
3996	22	33	-11
3997	22	33	-11
3998	22	33	-11
3999	22	33	-11
4000	22	33	-11
4001	22	33	-11
4002	22	33	-11
4003	22	33	-11
4004	22	33	-11
4005	22	33	-11
4006	22	33	-11
4007	22	33	-11
4008	22	33	-11
4009	22	33	-11
4010	22	33	-11
4011	22	33	-11
4012	22	33	-11
4013	22	33	-11
4014	22	33	-11
4015	22	33	-11
4016	22	33	-11
4017	22	33	-11
4018	22	33	-11
4019	22	33	-11
4020	22	33	-11
4021	22	33	-11
4022	22	33	-11
4023	22	33	-11
4024	22	33	-11
4025	22	33	-11
4026	22	33	-11
4027	22	33	-11
4028	22	33	-11
4029	22	33	-11
4030	22	33	-11
4031	22	33	-11
4032	22	33	-11
4033	22	33	-11
4034	22	33	-11
4035	22	33	-11
4036	22	33	-11
4037	22	33	-11
4038	22	33	-11
4039	22	33	-11
4040	22	33	-11
4041	22	33	-11
4042	22	33	-11
4043	22	33	-11
4044	22	33	-11
4045	22	33	-11
4046	22	33	-11
4047	22	33	-11
4048	22	33	-11
4049	22	33	-11
4050	22	33	-11
4051	22	33	-11
4052	22	33	-11
4053	22	33	-11
4054	22	33	-11
4055	22	33	-11
4056	22	33	-11
4057	22	33	-11
4058	22	33	-11
4059	22	33	-11
4060	22	33	-11
4061	22	33	-11
4062	22	33	-11
4063	22	33	-11
4064	22	33	-11
4065	22	33	-11
4066	22	33	-11
4067	22	33	-11
4068	22	33	-11
4069	22	33	-11
4070	22	33	-11
4071	22	33	-11
4072	22	33	-11
4073	22	33	-11
4074	22	33	-11
4075	22	33	-11
4076	22	33	-11
4077	22	33	-11
4078	22	33	-11
4079	22	33	-11
4080	22	33	-11
4081	22	33	-11
4082	22	33	-11
4083	22	33	-11
4084	22	33	-11
4085	22	33	-11
4086	22	33	-11
4087	22	33	-11
4088	22	33	-11
4089	22	33	-11
4090	22	33	-11
4091	22	33	-11
4092	22	33	-11
4093	22	33	-11
