#Clock	Robots	Obstacles	Score
1	0	0	0
2	0	0	0
3	0	0	0
4	0	0	0
5	0	0	0
6	0	0	0
7	0	0	0
8	0	0	0
9	0	0	0
10	0	0	0
11	0	0	0
12	0	0	0
13	0	0	0
14	0	0	0
15	0	0	0
16	0	0	0
17	0	0	0
18	0	0	0
19	0	0	0
20	0	0	0
21	0	0	0
22	0	0	0
23	0	0	0
24	0	0	0
25	0	0	0
26	0	0	0
27	0	0	0
28	0	0	0
29	0	0	0
30	0	0	0
31	0	0	0
32	0	0	0
33	0	0	0
34	0	0	0
35	0	0	0
36	0	0	0
37	0	0	0
38	0	0	0
39	0	0	0
40	0	0	0
41	0	0	0
42	0	0	0
43	0	0	0
44	0	0	0
45	0	0	0
46	0	0	0
47	0	0	0
48	0	0	0
49	0	0	0
50	0	0	0
51	0	0	0
52	0	0	0
53	0	0	0
54	0	0	0
55	0	0	0
56	0	0	0
57	0	0	0
58	0	0	0
59	0	0	0
60	0	0	0
61	0	0	0
62	0	0	0
63	0	0	0
64	0	0	0
65	0	0	0
66	0	0	0
67	0	0	0
68	0	0	0
69	0	0	0
70	0	0	0
71	0	0	0
72	0	0	0
73	0	0	0
74	0	0	0
75	0	0	0
76	0	0	0
77	0	0	0
78	0	0	0
79	0	0	0
80	0	0	0
81	0	0	0
82	0	0	0
83	0	0	0
84	0	0	0
85	0	0	0
86	0	0	0
87	0	0	0
88	0	0	0
89	0	0	0
90	0	0	0
91	0	0	0
92	0	0	0
93	0	0	0
94	0	0	0
95	0	0	0
96	0	0	0
97	0	0	0
98	0	0	0
99	0	0	0
100	0	0	0
101	0	0	0
102	0	0	0
103	0	0	0
104	0	0	0
105	0	0	0
106	0	0	0
107	0	0	0
108	0	0	0
109	0	0	0
110	0	0	0
111	0	0	0
112	0	0	0
113	0	0	0
114	0	0	0
115	0	0	0
116	0	0	0
117	0	0	0
118	0	0	0
119	0	0	0
120	0	0	0
121	0	0	0
122	0	0	0
123	0	0	0
124	0	0	0
125	0	0	0
126	0	0	0
127	0	0	0
128	0	0	0
129	0	0	0
130	0	0	0
131	0	0	0
132	0	0	0
133	0	0	0
134	0	0	0
135	0	0	0
136	0	0	0
137	0	0	0
138	0	0	0
139	0	0	0
140	0	0	0
141	0	0	0
142	0	0	0
143	0	0	0
144	0	0	0
145	0	0	0
146	0	0	0
147	0	0	0
148	0	0	0
149	0	0	0
150	0	0	0
151	0	0	0
152	0	0	0
153	0	0	0
154	0	0	0
155	0	0	0
156	0	0	0
157	0	0	0
158	0	0	0
159	0	0	0
160	0	0	0
161	0	0	0
162	0	0	0
163	0	0	0
164	0	0	0
165	0	0	0
166	0	0	0
167	0	0	0
168	0	0	0
169	0	0	0
170	0	0	0
171	0	0	0
172	0	0	0
173	0	0	0
174	0	0	0
175	0	0	0
176	0	0	0
177	0	0	0
178	0	0	0
179	0	0	0
180	0	0	0
181	0	0	0
182	0	0	0
183	0	0	0
184	0	0	0
185	0	0	0
186	0	0	0
187	0	0	0
188	0	0	0
189	0	0	0
190	0	0	0
191	0	0	0
192	0	0	0
193	0	0	0
194	0	0	0
195	0	0	0
196	0	0	0
197	0	0	0
198	0	0	0
199	0	0	0
200	0	0	0
201	0	0	0
202	0	0	0
203	0	0	0
204	0	0	0
205	0	0	0
206	0	0	0
207	0	0	0
208	0	0	0
209	0	0	0
210	0	0	0
211	0	0	0
212	0	0	0
213	0	0	0
214	0	0	0
215	0	0	0
216	0	0	0
217	0	0	0
218	0	0	0
219	0	0	0
220	0	0	0
221	0	0	0
222	0	0	0
223	0	0	0
224	0	0	0
225	0	0	0
226	0	0	0
227	0	0	0
228	0	0	0
229	0	0	0
230	0	0	0
231	0	0	0
232	0	0	0
233	0	0	0
234	0	0	0
235	0	0	0
236	0	0	0
237	0	0	0
238	0	0	0
239	0	0	0
240	0	0	0
241	0	0	0
242	0	0	0
243	0	0	0
244	0	0	0
245	0	0	0
246	0	0	0
247	0	0	0
248	0	0	0
249	0	0	0
250	0	0	0
251	0	0	0
252	0	0	0
253	0	0	0
254	0	0	0
255	0	0	0
256	0	0	0
257	0	0	0
258	0	0	0
259	0	0	0
260	0	0	0
261	0	0	0
262	0	0	0
263	0	0	0
264	0	0	0
265	0	0	0
266	0	0	0
267	0	0	0
268	0	0	0
269	0	0	0
270	0	0	0
271	0	0	0
272	0	0	0
273	0	0	0
274	0	0	0
275	0	0	0
276	0	0	0
277	0	0	0
278	0	0	0
279	0	0	0
280	0	0	0
281	0	0	0
282	0	0	0
283	0	0	0
284	0	0	0
285	0	0	0
286	0	0	0
287	0	0	0
288	0	0	0
289	0	0	0
290	0	0	0
291	0	0	0
292	0	0	0
293	0	0	0
294	0	0	0
295	0	0	0
296	0	0	0
297	0	0	0
298	0	0	0
299	0	0	0
300	0	0	0
301	0	0	0
302	0	0	0
303	0	0	0
304	0	0	0
305	0	0	0
306	0	0	0
307	0	0	0
308	0	0	0
309	0	0	0
310	0	0	0
311	0	0	0
312	0	0	0
313	0	0	0
314	0	0	0
315	0	0	0
316	0	0	0
317	0	0	0
318	0	0	0
319	0	0	0
320	0	0	0
321	0	0	0
322	0	0	0
323	0	0	0
324	0	0	0
325	0	0	0
326	0	0	0
327	0	0	0
328	0	0	0
329	0	0	0
330	0	0	0
331	0	0	0
332	0	0	0
333	0	0	0
334	0	0	0
335	0	0	0
336	0	0	0
337	0	0	0
338	0	0	0
339	0	0	0
340	0	0	0
341	0	0	0
342	0	0	0
343	0	0	0
344	0	1	-1
345	0	1	-1
346	0	1	-1
347	0	1	-1
348	0	1	-1
349	0	1	-1
350	0	1	-1
351	0	1	-1
352	0	1	-1
353	0	1	-1
354	0	1	-1
355	0	1	-1
356	0	1	-1
357	0	1	-1
358	0	2	-2
359	0	2	-2
360	0	2	-2
361	0	2	-2
362	0	2	-2
363	0	2	-2
364	0	2	-2
365	0	2	-2
366	0	2	-2
367	0	2	-2
368	0	2	-2
369	0	2	-2
370	0	3	-3
371	0	3	-3
372	0	3	-3
373	0	4	-4
374	0	4	-4
375	0	4	-4
376	0	4	-4
377	0	4	-4
378	0	4	-4
379	0	4	-4
380	0	4	-4
381	0	4	-4
382	0	4	-4
383	0	5	-5
384	0	5	-5
385	0	6	-6
386	0	6	-6
387	0	6	-6
388	0	6	-6
389	0	6	-6
390	0	6	-6
391	0	6	-6
392	0	6	-6
393	0	6	-6
394	0	6	-6
395	0	6	-6
396	0	7	-7
397	0	7	-7
398	0	7	-7
399	0	8	-8
400	0	8	-8
401	0	8	-8
402	0	8	-8
403	0	8	-8
404	0	8	-8
405	0	8	-8
406	0	8	-8
407	0	8	-8
408	0	8	-8
409	0	9	-9
410	0	9	-9
411	0	9	-9
412	0	10	-10
413	0	10	-10
414	0	10	-10
415	0	10	-10
416	0	10	-10
417	0	10	-10
418	0	10	-10
419	0	10	-10
420	0	10	-10
421	1	10	-9
422	1	10	-9
423	1	10	-9
424	1	10	-9
425	1	11	-10
426	1	11	-10
427	1	11	-10
428	1	11	-10
429	1	11	-10
430	1	11	-10
431	1	11	-10
432	1	11	-10
433	1	11	-10
434	1	11	-10
435	1	11	-10
436	1	11	-10
437	2	11	-9
438	2	11	-9
439	2	11	-9
440	2	11	-9
441	2	11	-9
442	2	11	-9
443	2	11	-9
444	2	11	-9
445	2	11	-9
446	2	11	-9
447	2	11	-9
448	2	11	-9
449	2	11	-9
450	2	11	-9
451	2	11	-9
452	2	11	-9
453	2	11	-9
454	2	11	-9
455	2	11	-9
456	2	11	-9
457	2	11	-9
458	2	11	-9
459	2	11	-9
460	2	11	-9
461	2	11	-9
462	2	11	-9
463	2	11	-9
464	2	11	-9
465	2	11	-9
466	2	10	-8
467	2	10	-8
468	2	10	-8
469	2	10	-8
470	2	10	-8
471	2	10	-8
472	2	10	-8
473	2	10	-8
474	2	10	-8
475	2	10	-8
476	2	10	-8
477	2	10	-8
478	2	10	-8
479	2	10	-8
480	2	10	-8
481	2	10	-8
482	2	10	-8
483	2	10	-8
484	2	10	-8
485	2	10	-8
486	2	11	-9
487	2	11	-9
488	2	11	-9
489	2	11	-9
490	2	11	-9
491	2	11	-9
492	2	11	-9
493	2	11	-9
494	2	12	-10
495	2	11	-9
496	2	11	-9
497	2	11	-9
498	2	11	-9
499	2	11	-9
500	2	11	-9
501	2	11	-9
502	2	11	-9
503	2	11	-9
504	2	11	-9
505	2	11	-9
506	2	11	-9
507	3	11	-8
508	3	11	-8
509	3	11	-8
510	3	11	-8
511	3	11	-8
512	3	11	-8
513	3	11	-8
514	3	11	-8
515	3	11	-8
516	3	11	-8
517	3	11	-8
518	3	11	-8
519	3	11	-8
520	3	11	-8
521	3	11	-8
522	3	11	-8
523	3	11	-8
524	3	11	-8
525	3	11	-8
526	3	11	-8
527	3	11	-8
528	3	11	-8
529	3	11	-8
530	2	11	-9
531	2	11	-9
532	2	11	-9
533	2	11	-9
534	2	11	-9
535	2	11	-9
536	2	11	-9
537	2	11	-9
538	2	11	-9
539	2	11	-9
540	2	12	-10
541	2	12	-10
542	2	12	-10
543	2	12	-10
544	2	12	-10
545	2	12	-10
546	2	12	-10
547	1	12	-11
548	1	12	-11
549	1	12	-11
550	1	12	-11
551	1	12	-11
552	1	12	-11
553	1	12	-11
554	1	12	-11
555	1	12	-11
556	1	13	-12
557	1	13	-12
558	1	13	-12
559	1	13	-12
560	1	13	-12
561	1	13	-12
562	1	13	-12
563	1	13	-12
564	1	13	-12
565	1	13	-12
566	1	13	-12
567	1	13	-12
568	1	13	-12
569	1	13	-12
570	1	13	-12
571	1	13	-12
572	1	13	-12
573	1	14	-13
574	1	14	-13
575	1	14	-13
576	1	14	-13
577	1	14	-13
578	1	14	-13
579	1	13	-12
580	1	13	-12
581	1	13	-12
582	1	13	-12
583	1	13	-12
584	1	13	-12
585	1	13	-12
586	1	13	-12
587	1	13	-12
588	1	13	-12
589	1	13	-12
590	1	13	-12
591	1	13	-12
592	1	13	-12
593	1	13	-12
594	1	13	-12
595	1	13	-12
596	1	13	-12
597	1	13	-12
598	1	13	-12
599	1	13	-12
600	1	13	-12
601	1	13	-12
602	1	13	-12
603	1	13	-12
604	1	13	-12
605	1	13	-12
606	1	13	-12
607	1	13	-12
608	1	13	-12
609	1	13	-12
610	1	13	-12
611	1	13	-12
612	1	13	-12
613	1	13	-12
614	1	13	-12
615	1	13	-12
616	1	13	-12
617	1	13	-12
618	1	13	-12
619	1	13	-12
620	1	13	-12
621	2	13	-11
622	2	13	-11
623	2	13	-11
624	2	13	-11
625	2	13	-11
626	2	13	-11
627	2	13	-11
628	2	13	-11
629	2	13	-11
630	2	13	-11
631	2	13	-11
632	2	13	-11
633	2	13	-11
634	2	13	-11
635	2	13	-11
636	2	13	-11
637	2	13	-11
638	2	13	-11
639	2	13	-11
640	2	13	-11
641	2	13	-11
642	2	13	-11
643	2	13	-11
644	2	13	-11
645	2	13	-11
646	2	13	-11
647	2	13	-11
648	2	13	-11
649	2	13	-11
650	2	13	-11
651	2	13	-11
652	2	13	-11
653	2	13	-11
654	2	13	-11
655	2	13	-11
656	2	13	-11
657	2	13	-11
658	2	13	-11
659	2	13	-11
660	2	13	-11
661	2	13	-11
662	2	13	-11
663	2	13	-11
664	2	13	-11
665	2	13	-11
666	2	13	-11
667	2	13	-11
668	2	13	-11
669	2	13	-11
670	2	13	-11
671	2	13	-11
672	2	13	-11
673	2	13	-11
674	2	13	-11
675	2	13	-11
676	2	13	-11
677	2	13	-11
678	2	13	-11
679	2	13	-11
680	2	13	-11
681	2	13	-11
682	2	13	-11
683	2	13	-11
684	2	13	-11
685	2	13	-11
686	2	13	-11
687	2	13	-11
688	2	13	-11
689	2	13	-11
690	2	13	-11
691	2	13	-11
692	2	13	-11
693	2	13	-11
694	2	13	-11
695	2	13	-11
696	2	13	-11
697	2	13	-11
698	2	13	-11
699	2	13	-11
700	2	13	-11
701	2	13	-11
702	2	13	-11
703	2	13	-11
704	2	13	-11
705	2	13	-11
706	2	13	-11
707	2	13	-11
708	2	13	-11
709	2	13	-11
710	2	13	-11
711	2	13	-11
712	2	13	-11
713	2	13	-11
714	2	13	-11
715	2	13	-11
716	3	13	-10
717	3	13	-10
718	3	13	-10
719	3	13	-10
720	3	13	-10
721	3	13	-10
722	3	13	-10
723	3	13	-10
724	3	13	-10
725	3	13	-10
726	3	13	-10
727	3	13	-10
728	3	13	-10
729	3	13	-10
730	3	13	-10
731	3	13	-10
732	3	13	-10
733	3	13	-10
734	3	13	-10
735	3	13	-10
736	3	13	-10
737	3	13	-10
738	3	13	-10
739	3	13	-10
740	3	13	-10
741	3	13	-10
742	3	13	-10
743	3	13	-10
744	3	13	-10
745	3	13	-10
746	3	13	-10
747	3	13	-10
748	3	13	-10
749	3	13	-10
750	3	13	-10
751	2	13	-11
752	2	13	-11
753	2	13	-11
754	2	13	-11
755	2	13	-11
756	2	13	-11
757	2	12	-10
758	2	13	-11
759	2	12	-10
760	2	12	-10
761	2	12	-10
762	2	12	-10
763	2	12	-10
764	2	12	-10
765	2	12	-10
766	2	12	-10
767	2	12	-10
768	2	12	-10
769	2	12	-10
770	2	12	-10
771	2	12	-10
772	2	12	-10
773	2	12	-10
774	2	12	-10
775	2	12	-10
776	2	12	-10
777	2	12	-10
778	2	12	-10
779	2	12	-10
780	2	12	-10
781	2	12	-10
782	2	12	-10
783	2	12	-10
784	2	12	-10
785	2	12	-10
786	2	12	-10
787	2	12	-10
788	2	12	-10
789	2	12	-10
790	2	12	-10
791	2	12	-10
792	2	12	-10
793	2	12	-10
794	2	12	-10
795	2	12	-10
796	2	12	-10
797	2	12	-10
798	2	12	-10
799	2	12	-10
800	2	12	-10
801	2	12	-10
802	2	12	-10
803	2	12	-10
804	2	12	-10
805	2	12	-10
806	2	12	-10
807	2	12	-10
808	2	12	-10
809	2	12	-10
810	2	12	-10
811	2	12	-10
812	2	12	-10
813	2	12	-10
814	2	12	-10
815	1	12	-11
816	1	12	-11
817	1	12	-11
818	1	12	-11
819	1	12	-11
820	1	12	-11
821	1	12	-11
822	1	12	-11
823	1	12	-11
824	1	12	-11
825	1	12	-11
826	1	12	-11
827	1	12	-11
828	1	12	-11
829	1	12	-11
830	1	12	-11
831	1	12	-11
832	1	12	-11
833	1	12	-11
834	1	12	-11
835	2	12	-10
836	2	12	-10
837	2	12	-10
838	2	12	-10
839	2	12	-10
840	2	12	-10
841	2	12	-10
842	2	12	-10
843	2	12	-10
844	2	12	-10
845	2	12	-10
846	2	12	-10
847	2	12	-10
848	2	12	-10
849	2	12	-10
850	2	12	-10
851	2	12	-10
852	2	12	-10
853	2	12	-10
854	2	12	-10
855	2	12	-10
856	1	12	-11
857	1	12	-11
858	1	12	-11
859	1	12	-11
860	1	12	-11
861	1	12	-11
862	1	12	-11
863	1	12	-11
864	1	12	-11
865	1	12	-11
866	1	12	-11
867	1	12	-11
868	1	12	-11
869	1	12	-11
870	1	12	-11
871	1	12	-11
872	1	12	-11
873	1	12	-11
874	1	12	-11
875	1	12	-11
876	1	12	-11
877	1	12	-11
878	1	12	-11
879	1	12	-11
880	1	12	-11
881	1	12	-11
882	1	12	-11
883	1	12	-11
884	1	12	-11
885	1	12	-11
886	1	12	-11
887	1	12	-11
888	1	12	-11
889	1	12	-11
890	1	12	-11
891	1	12	-11
892	1	12	-11
893	1	12	-11
894	1	12	-11
895	1	12	-11
896	1	12	-11
897	1	12	-11
898	1	12	-11
899	1	12	-11
900	1	12	-11
901	1	12	-11
902	1	12	-11
903	1	12	-11
904	1	12	-11
905	1	12	-11
906	1	12	-11
907	1	12	-11
908	1	12	-11
909	1	12	-11
910	1	12	-11
911	1	12	-11
912	1	12	-11
913	1	12	-11
914	1	12	-11
915	1	12	-11
916	1	12	-11
917	1	12	-11
918	1	13	-12
919	1	13	-12
920	1	13	-12
921	1	13	-12
922	1	13	-12
923	1	13	-12
924	1	13	-12
925	1	13	-12
926	1	13	-12
927	1	13	-12
928	1	13	-12
929	1	13	-12
930	1	13	-12
931	1	13	-12
932	1	13	-12
933	1	13	-12
934	2	13	-11
935	2	13	-11
936	2	13	-11
937	2	13	-11
938	2	13	-11
939	2	13	-11
940	2	13	-11
941	2	13	-11
942	2	13	-11
943	2	13	-11
944	2	13	-11
945	2	13	-11
946	2	13	-11
947	2	13	-11
948	2	13	-11
949	2	13	-11
950	2	13	-11
951	2	13	-11
952	2	13	-11
953	2	13	-11
954	2	13	-11
955	2	13	-11
956	2	13	-11
957	2	13	-11
958	2	13	-11
959	2	13	-11
960	2	13	-11
961	2	13	-11
962	2	13	-11
963	2	13	-11
964	2	13	-11
965	2	13	-11
966	2	13	-11
967	2	13	-11
968	2	13	-11
969	2	13	-11
970	2	13	-11
971	2	13	-11
972	2	13	-11
973	2	13	-11
974	2	13	-11
975	2	13	-11
976	2	13	-11
977	2	13	-11
978	2	13	-11
979	2	13	-11
980	2	13	-11
981	2	13	-11
982	2	13	-11
983	2	13	-11
984	2	13	-11
985	2	13	-11
986	2	13	-11
987	2	13	-11
988	2	13	-11
989	2	13	-11
990	2	13	-11
991	2	13	-11
992	2	13	-11
993	2	13	-11
994	2	13	-11
995	2	13	-11
996	2	13	-11
997	2	13	-11
998	2	13	-11
999	2	13	-11
1000	2	13	-11
1001	2	14	-12
1002	2	14	-12
1003	2	14	-12
1004	2	14	-12
1005	2	14	-12
1006	2	14	-12
1007	2	14	-12
1008	2	14	-12
1009	2	15	-13
1010	2	15	-13
1011	2	15	-13
1012	2	15	-13
1013	2	15	-13
1014	2	15	-13
1015	3	15	-12
1016	3	15	-12
1017	3	15	-12
1018	3	15	-12
1019	3	15	-12
1020	3	15	-12
1021	3	15	-12
1022	3	15	-12
1023	3	15	-12
1024	3	15	-12
1025	3	16	-13
1026	3	16	-13
1027	3	17	-14
1028	3	17	-14
1029	3	16	-13
1030	3	16	-13
1031	3	16	-13
1032	3	16	-13
1033	3	16	-13
1034	3	16	-13
1035	3	16	-13
1036	3	16	-13
1037	3	16	-13
1038	3	16	-13
1039	3	16	-13
1040	3	16	-13
1041	3	16	-13
1042	3	16	-13
1043	3	16	-13
1044	3	16	-13
1045	3	16	-13
1046	3	16	-13
1047	3	16	-13
1048	3	16	-13
1049	3	16	-13
1050	3	16	-13
1051	3	16	-13
1052	3	16	-13
1053	3	16	-13
1054	3	16	-13
1055	3	16	-13
1056	3	16	-13
1057	3	16	-13
1058	3	16	-13
1059	3	16	-13
1060	3	16	-13
1061	3	17	-14
1062	3	17	-14
1063	3	17	-14
1064	3	17	-14
1065	3	17	-14
1066	3	17	-14
1067	3	17	-14
1068	3	17	-14
1069	3	17	-14
1070	3	17	-14
1071	3	17	-14
1072	3	17	-14
1073	3	18	-15
1074	3	18	-15
1075	3	18	-15
1076	3	18	-15
1077	3	18	-15
1078	3	18	-15
1079	3	18	-15
1080	3	18	-15
1081	3	18	-15
1082	3	18	-15
1083	3	18	-15
1084	3	18	-15
1085	3	18	-15
1086	3	19	-16
1087	3	19	-16
1088	3	19	-16
1089	3	19	-16
1090	3	19	-16
1091	3	19	-16
1092	3	19	-16
1093	3	19	-16
1094	3	19	-16
1095	3	19	-16
1096	3	19	-16
1097	3	19	-16
1098	3	19	-16
1099	3	20	-17
1100	3	20	-17
1101	3	20	-17
1102	3	20	-17
1103	3	19	-16
1104	3	19	-16
1105	3	19	-16
1106	3	19	-16
1107	3	19	-16
1108	3	19	-16
1109	4	19	-15
1110	4	19	-15
1111	4	19	-15
1112	4	20	-16
1113	4	20	-16
1114	4	20	-16
1115	4	20	-16
1116	4	20	-16
1117	4	20	-16
1118	4	20	-16
1119	4	20	-16
1120	4	20	-16
1121	4	20	-16
1122	4	20	-16
1123	4	20	-16
1124	4	20	-16
1125	4	21	-17
1126	4	21	-17
1127	4	21	-17
1128	4	21	-17
1129	4	21	-17
1130	4	21	-17
1131	4	21	-17
1132	4	21	-17
1133	4	21	-17
1134	4	21	-17
1135	4	21	-17
1136	4	21	-17
1137	4	21	-17
1138	4	22	-18
1139	4	22	-18
1140	4	22	-18
1141	4	22	-18
1142	4	22	-18
1143	4	22	-18
1144	4	22	-18
1145	4	22	-18
1146	4	22	-18
1147	4	22	-18
1148	4	22	-18
1149	4	22	-18
1150	5	22	-17
1151	5	22	-17
1152	5	22	-17
1153	5	22	-17
1154	5	22	-17
1155	5	22	-17
1156	5	22	-17
1157	5	22	-17
1158	5	22	-17
1159	5	22	-17
1160	5	22	-17
1161	5	22	-17
1162	5	22	-17
1163	5	22	-17
1164	5	22	-17
1165	5	22	-17
1166	5	22	-17
1167	5	22	-17
1168	5	22	-17
1169	5	22	-17
1170	5	22	-17
1171	5	22	-17
1172	5	22	-17
1173	5	22	-17
1174	5	22	-17
1175	5	22	-17
1176	5	22	-17
1177	5	22	-17
1178	5	22	-17
1179	5	22	-17
1180	5	22	-17
1181	5	22	-17
1182	5	22	-17
1183	5	22	-17
1184	5	22	-17
1185	5	22	-17
1186	5	22	-17
1187	5	22	-17
1188	5	22	-17
1189	5	22	-17
1190	5	22	-17
1191	5	22	-17
1192	5	22	-17
1193	5	21	-16
1194	5	21	-16
1195	5	21	-16
1196	5	21	-16
1197	5	21	-16
1198	5	21	-16
1199	5	21	-16
1200	5	21	-16
1201	5	21	-16
1202	5	21	-16
1203	5	21	-16
1204	5	21	-16
1205	5	21	-16
1206	5	21	-16
1207	5	20	-15
1208	5	20	-15
1209	5	20	-15
1210	5	20	-15
1211	5	20	-15
1212	5	20	-15
1213	5	20	-15
1214	5	20	-15
1215	5	20	-15
1216	5	20	-15
1217	5	20	-15
1218	5	20	-15
1219	5	20	-15
1220	5	20	-15
1221	6	20	-14
1222	6	20	-14
1223	6	20	-14
1224	6	20	-14
1225	6	20	-14
1226	6	20	-14
1227	6	20	-14
1228	6	20	-14
1229	6	20	-14
1230	6	20	-14
1231	6	20	-14
1232	6	20	-14
1233	6	20	-14
1234	6	20	-14
1235	6	20	-14
1236	6	20	-14
1237	6	20	-14
1238	6	20	-14
1239	6	20	-14
1240	6	20	-14
1241	6	20	-14
1242	6	20	-14
1243	6	20	-14
1244	6	20	-14
1245	6	20	-14
1246	6	20	-14
1247	6	20	-14
1248	6	20	-14
1249	6	20	-14
1250	6	20	-14
1251	6	20	-14
1252	6	20	-14
1253	6	20	-14
1254	6	20	-14
1255	6	20	-14
1256	6	20	-14
1257	6	20	-14
1258	6	20	-14
1259	6	20	-14
1260	6	20	-14
1261	6	20	-14
1262	6	20	-14
1263	6	20	-14
1264	6	20	-14
1265	6	20	-14
1266	5	20	-15
1267	5	20	-15
1268	5	20	-15
1269	5	20	-15
1270	5	20	-15
1271	5	20	-15
1272	5	20	-15
1273	5	20	-15
1274	5	20	-15
1275	5	20	-15
1276	5	20	-15
1277	5	20	-15
1278	5	20	-15
1279	5	20	-15
1280	5	20	-15
1281	5	20	-15
1282	5	20	-15
1283	5	20	-15
1284	5	20	-15
1285	5	20	-15
1286	5	20	-15
1287	5	20	-15
1288	5	20	-15
1289	5	20	-15
1290	5	20	-15
1291	5	20	-15
1292	5	20	-15
1293	5	20	-15
1294	5	20	-15
1295	6	20	-14
1296	6	20	-14
1297	6	20	-14
1298	6	21	-15
1299	6	21	-15
1300	6	21	-15
1301	6	21	-15
1302	6	21	-15
1303	6	21	-15
1304	6	21	-15
1305	6	21	-15
1306	6	21	-15
1307	6	21	-15
1308	6	21	-15
1309	6	21	-15
1310	6	21	-15
1311	6	21	-15
1312	6	21	-15
1313	6	21	-15
1314	6	21	-15
1315	6	21	-15
1316	6	21	-15
1317	6	21	-15
1318	6	21	-15
1319	6	21	-15
1320	6	21	-15
1321	6	21	-15
1322	6	21	-15
1323	6	21	-15
1324	6	21	-15
1325	6	21	-15
1326	6	21	-15
1327	6	21	-15
1328	6	21	-15
1329	6	21	-15
1330	6	21	-15
1331	6	21	-15
1332	6	21	-15
1333	6	21	-15
1334	6	21	-15
1335	6	21	-15
1336	6	21	-15
1337	6	21	-15
1338	6	21	-15
1339	6	21	-15
1340	6	21	-15
1341	6	21	-15
1342	6	21	-15
1343	6	21	-15
1344	6	21	-15
1345	6	21	-15
1346	6	21	-15
1347	6	21	-15
1348	6	21	-15
1349	6	21	-15
1350	6	21	-15
1351	6	21	-15
1352	6	21	-15
1353	6	21	-15
1354	6	21	-15
1355	6	21	-15
1356	6	21	-15
1357	6	21	-15
1358	6	21	-15
1359	6	21	-15
1360	6	21	-15
1361	6	21	-15
1362	6	21	-15
1363	6	21	-15
1364	6	21	-15
1365	6	21	-15
1366	6	21	-15
1367	6	21	-15
1368	6	21	-15
1369	6	21	-15
1370	6	21	-15
1371	6	21	-15
1372	6	21	-15
1373	6	21	-15
1374	6	21	-15
1375	6	21	-15
1376	6	21	-15
1377	6	21	-15
1378	6	21	-15
1379	6	21	-15
1380	6	21	-15
1381	6	21	-15
1382	6	21	-15
1383	6	21	-15
1384	6	21	-15
1385	6	21	-15
1386	6	21	-15
1387	6	21	-15
1388	6	21	-15
1389	6	21	-15
1390	6	21	-15
1391	6	21	-15
1392	6	21	-15
1393	6	21	-15
1394	6	21	-15
1395	6	21	-15
1396	6	21	-15
1397	6	21	-15
1398	6	21	-15
1399	6	21	-15
1400	6	21	-15
1401	6	21	-15
1402	6	21	-15
1403	6	21	-15
1404	6	21	-15
1405	6	21	-15
1406	6	21	-15
1407	6	21	-15
1408	6	21	-15
1409	6	21	-15
1410	6	21	-15
1411	6	21	-15
1412	6	21	-15
1413	6	21	-15
1414	6	21	-15
1415	6	21	-15
1416	6	21	-15
1417	6	21	-15
1418	6	21	-15
1419	6	21	-15
1420	6	21	-15
1421	6	21	-15
1422	6	21	-15
1423	6	21	-15
1424	6	21	-15
1425	6	21	-15
1426	6	21	-15
1427	6	21	-15
1428	6	21	-15
1429	6	21	-15
1430	6	21	-15
1431	6	21	-15
1432	6	21	-15
1433	6	21	-15
1434	6	21	-15
1435	6	21	-15
1436	6	21	-15
1437	6	21	-15
1438	6	21	-15
1439	6	21	-15
1440	6	21	-15
1441	6	21	-15
1442	6	21	-15
1443	6	21	-15
1444	6	21	-15
1445	6	21	-15
1446	6	21	-15
1447	6	21	-15
1448	6	21	-15
1449	6	21	-15
1450	6	21	-15
1451	6	21	-15
1452	6	21	-15
1453	6	21	-15
1454	6	21	-15
1455	6	21	-15
1456	6	21	-15
1457	6	21	-15
1458	6	21	-15
1459	6	21	-15
1460	6	21	-15
1461	6	21	-15
1462	6	21	-15
1463	6	21	-15
1464	6	21	-15
1465	6	21	-15
1466	6	21	-15
1467	6	21	-15
1468	6	21	-15
1469	6	21	-15
1470	6	21	-15
1471	6	21	-15
1472	6	21	-15
1473	6	21	-15
1474	6	21	-15
1475	6	21	-15
1476	6	21	-15
1477	6	21	-15
1478	6	21	-15
1479	6	21	-15
1480	6	21	-15
1481	6	21	-15
1482	6	21	-15
1483	6	21	-15
1484	6	21	-15
1485	6	21	-15
1486	6	21	-15
1487	6	21	-15
1488	6	21	-15
1489	6	21	-15
1490	6	21	-15
1491	6	21	-15
1492	6	21	-15
1493	6	21	-15
1494	6	21	-15
1495	6	21	-15
1496	6	21	-15
1497	6	21	-15
1498	6	21	-15
1499	6	21	-15
1500	6	21	-15
1501	6	21	-15
1502	6	21	-15
1503	6	21	-15
1504	6	21	-15
1505	6	21	-15
1506	6	21	-15
1507	6	21	-15
1508	6	21	-15
1509	6	21	-15
1510	6	21	-15
1511	6	21	-15
1512	6	21	-15
1513	6	21	-15
1514	6	21	-15
1515	6	21	-15
1516	6	21	-15
1517	6	21	-15
1518	6	21	-15
1519	6	21	-15
1520	6	21	-15
1521	6	21	-15
1522	6	21	-15
1523	6	21	-15
1524	6	21	-15
1525	6	21	-15
1526	6	21	-15
1527	6	21	-15
1528	6	21	-15
1529	6	21	-15
1530	6	21	-15
1531	6	21	-15
1532	6	21	-15
1533	6	21	-15
1534	6	21	-15
1535	6	21	-15
1536	6	21	-15
1537	6	21	-15
1538	6	21	-15
1539	6	21	-15
1540	6	21	-15
1541	6	21	-15
1542	6	21	-15
1543	6	21	-15
1544	6	21	-15
1545	6	21	-15
1546	6	21	-15
1547	6	21	-15
1548	6	21	-15
1549	6	21	-15
1550	6	21	-15
1551	6	21	-15
1552	6	21	-15
1553	6	21	-15
1554	6	21	-15
1555	6	21	-15
1556	6	21	-15
1557	6	21	-15
1558	6	21	-15
1559	6	21	-15
1560	6	21	-15
1561	6	21	-15
1562	6	21	-15
1563	6	21	-15
1564	6	21	-15
1565	6	21	-15
1566	6	21	-15
1567	6	21	-15
1568	6	21	-15
1569	6	21	-15
1570	6	21	-15
1571	6	21	-15
1572	6	21	-15
1573	6	21	-15
1574	6	21	-15
1575	6	21	-15
1576	6	21	-15
1577	6	21	-15
1578	6	21	-15
1579	6	21	-15
1580	6	21	-15
1581	6	21	-15
1582	6	21	-15
1583	6	21	-15
1584	6	21	-15
1585	6	21	-15
1586	6	21	-15
1587	6	21	-15
1588	6	21	-15
1589	6	21	-15
1590	6	21	-15
1591	6	21	-15
1592	6	21	-15
1593	6	21	-15
1594	6	21	-15
1595	6	21	-15
1596	6	21	-15
1597	6	21	-15
1598	6	21	-15
1599	6	21	-15
1600	6	21	-15
1601	6	21	-15
1602	6	21	-15
1603	6	21	-15
1604	6	21	-15
1605	6	21	-15
1606	6	21	-15
1607	6	21	-15
1608	6	21	-15
1609	6	21	-15
1610	6	21	-15
1611	6	21	-15
1612	6	21	-15
1613	6	21	-15
1614	6	21	-15
1615	6	21	-15
1616	6	21	-15
1617	6	21	-15
1618	6	21	-15
1619	6	21	-15
1620	6	21	-15
1621	6	21	-15
1622	6	21	-15
1623	6	21	-15
1624	6	21	-15
1625	6	21	-15
1626	6	21	-15
1627	6	21	-15
1628	6	21	-15
1629	6	21	-15
1630	6	21	-15
1631	6	21	-15
1632	6	21	-15
1633	6	21	-15
1634	6	21	-15
1635	6	21	-15
1636	6	21	-15
1637	6	21	-15
1638	6	21	-15
1639	6	21	-15
1640	6	21	-15
1641	6	21	-15
1642	6	21	-15
1643	6	21	-15
1644	6	21	-15
1645	6	21	-15
1646	6	21	-15
1647	6	21	-15
1648	6	21	-15
1649	6	21	-15
1650	6	21	-15
1651	6	21	-15
1652	6	21	-15
1653	6	21	-15
1654	6	21	-15
1655	6	21	-15
1656	6	21	-15
1657	6	21	-15
1658	6	21	-15
1659	6	21	-15
1660	6	21	-15
1661	6	21	-15
1662	6	21	-15
1663	6	21	-15
1664	6	21	-15
1665	6	21	-15
1666	6	21	-15
1667	6	21	-15
1668	6	21	-15
1669	6	21	-15
1670	6	21	-15
1671	6	21	-15
1672	6	21	-15
1673	6	21	-15
1674	6	21	-15
1675	6	21	-15
1676	6	21	-15
1677	6	21	-15
1678	6	21	-15
1679	6	21	-15
1680	6	21	-15
1681	6	21	-15
1682	6	21	-15
1683	6	21	-15
1684	6	21	-15
1685	6	21	-15
1686	6	21	-15
1687	6	21	-15
1688	6	21	-15
1689	6	21	-15
1690	6	21	-15
1691	6	21	-15
1692	6	21	-15
1693	6	21	-15
1694	6	21	-15
1695	6	21	-15
1696	6	21	-15
1697	6	21	-15
1698	6	21	-15
1699	6	21	-15
1700	6	21	-15
1701	6	21	-15
1702	6	21	-15
1703	6	21	-15
1704	6	21	-15
1705	6	21	-15
1706	6	21	-15
1707	6	21	-15
1708	6	21	-15
1709	6	21	-15
1710	6	21	-15
1711	6	21	-15
1712	6	21	-15
1713	6	21	-15
1714	6	21	-15
1715	6	21	-15
1716	6	21	-15
1717	6	21	-15
1718	6	21	-15
1719	6	21	-15
1720	6	21	-15
1721	6	21	-15
1722	6	21	-15
1723	6	21	-15
1724	6	21	-15
1725	6	21	-15
1726	6	21	-15
1727	6	21	-15
1728	6	21	-15
1729	6	21	-15
1730	6	21	-15
1731	6	21	-15
1732	6	21	-15
1733	6	21	-15
1734	6	21	-15
1735	6	21	-15
1736	6	21	-15
1737	6	21	-15
1738	6	21	-15
1739	6	21	-15
1740	6	21	-15
1741	6	21	-15
1742	6	21	-15
1743	6	21	-15
1744	6	21	-15
1745	6	21	-15
1746	6	21	-15
1747	6	21	-15
1748	6	21	-15
1749	6	21	-15
1750	6	21	-15
1751	6	21	-15
1752	6	21	-15
1753	6	21	-15
1754	6	21	-15
1755	6	21	-15
1756	6	21	-15
1757	6	21	-15
1758	6	21	-15
1759	6	21	-15
1760	6	21	-15
1761	6	21	-15
1762	6	21	-15
1763	6	21	-15
1764	6	21	-15
1765	6	21	-15
1766	6	21	-15
1767	6	21	-15
1768	6	21	-15
1769	6	21	-15
1770	6	21	-15
1771	6	21	-15
1772	6	21	-15
1773	6	21	-15
1774	6	21	-15
1775	6	21	-15
1776	6	21	-15
1777	6	21	-15
1778	6	21	-15
1779	6	21	-15
1780	6	21	-15
1781	6	21	-15
1782	6	21	-15
1783	6	21	-15
1784	6	21	-15
1785	6	21	-15
1786	6	21	-15
1787	6	21	-15
1788	6	21	-15
1789	6	21	-15
1790	6	21	-15
1791	6	21	-15
1792	6	21	-15
1793	6	21	-15
1794	6	21	-15
1795	6	21	-15
1796	6	21	-15
1797	6	21	-15
1798	6	21	-15
1799	6	21	-15
1800	6	21	-15
1801	6	21	-15
1802	6	21	-15
1803	6	21	-15
1804	6	21	-15
1805	6	21	-15
1806	6	21	-15
1807	6	21	-15
1808	6	21	-15
1809	6	21	-15
1810	6	21	-15
1811	6	21	-15
1812	6	21	-15
1813	6	21	-15
1814	6	21	-15
1815	6	21	-15
1816	6	21	-15
1817	6	21	-15
1818	6	21	-15
1819	6	21	-15
1820	6	21	-15
1821	6	21	-15
1822	6	21	-15
1823	6	21	-15
1824	6	21	-15
1825	6	21	-15
1826	6	21	-15
1827	6	21	-15
1828	6	21	-15
1829	6	21	-15
1830	6	21	-15
1831	6	21	-15
1832	6	21	-15
1833	6	21	-15
1834	6	21	-15
1835	6	21	-15
1836	6	21	-15
1837	6	21	-15
1838	6	21	-15
1839	6	21	-15
1840	6	21	-15
1841	6	21	-15
1842	6	21	-15
1843	6	21	-15
1844	6	21	-15
1845	6	21	-15
1846	6	21	-15
1847	6	21	-15
1848	6	21	-15
1849	6	21	-15
1850	6	21	-15
1851	6	21	-15
1852	6	21	-15
1853	6	21	-15
1854	6	21	-15
1855	6	21	-15
1856	6	21	-15
1857	6	21	-15
1858	6	21	-15
1859	6	21	-15
1860	6	21	-15
1861	6	21	-15
1862	6	21	-15
1863	6	21	-15
1864	6	21	-15
1865	6	21	-15
1866	6	21	-15
1867	6	21	-15
1868	6	21	-15
1869	6	21	-15
1870	6	21	-15
1871	6	21	-15
1872	6	21	-15
1873	6	21	-15
1874	6	21	-15
1875	6	21	-15
1876	6	21	-15
1877	6	21	-15
1878	6	21	-15
1879	6	21	-15
1880	6	21	-15
1881	6	21	-15
1882	6	21	-15
1883	6	21	-15
1884	6	21	-15
1885	6	21	-15
1886	6	21	-15
1887	6	21	-15
1888	6	21	-15
1889	6	21	-15
1890	6	21	-15
1891	6	21	-15
1892	6	21	-15
1893	6	21	-15
1894	6	21	-15
1895	6	21	-15
1896	6	21	-15
1897	6	21	-15
1898	6	21	-15
1899	6	21	-15
1900	6	21	-15
1901	6	21	-15
1902	6	21	-15
1903	6	21	-15
1904	6	21	-15
1905	6	21	-15
1906	6	21	-15
1907	6	21	-15
1908	6	21	-15
1909	6	21	-15
1910	6	21	-15
1911	6	21	-15
1912	6	21	-15
1913	6	21	-15
1914	6	21	-15
1915	6	21	-15
1916	6	21	-15
1917	6	21	-15
1918	6	21	-15
1919	6	21	-15
1920	6	21	-15
1921	6	21	-15
1922	6	21	-15
1923	6	21	-15
1924	6	21	-15
1925	6	21	-15
1926	6	21	-15
1927	6	21	-15
1928	6	21	-15
1929	6	21	-15
1930	6	21	-15
1931	6	21	-15
1932	6	21	-15
1933	6	21	-15
1934	6	21	-15
1935	6	21	-15
1936	6	21	-15
1937	6	21	-15
1938	6	21	-15
1939	6	21	-15
1940	6	21	-15
1941	6	21	-15
1942	6	21	-15
1943	6	21	-15
1944	6	21	-15
1945	6	21	-15
1946	6	21	-15
1947	6	21	-15
1948	6	21	-15
1949	6	21	-15
1950	6	21	-15
1951	6	21	-15
1952	6	21	-15
1953	6	21	-15
1954	6	21	-15
1955	6	21	-15
1956	6	21	-15
1957	6	21	-15
1958	6	21	-15
1959	6	21	-15
1960	6	21	-15
1961	6	21	-15
1962	6	21	-15
1963	6	21	-15
1964	6	21	-15
1965	6	21	-15
1966	6	21	-15
1967	6	21	-15
1968	6	21	-15
1969	6	21	-15
1970	6	21	-15
1971	6	21	-15
1972	6	21	-15
1973	6	21	-15
1974	6	21	-15
1975	6	21	-15
1976	6	21	-15
1977	6	21	-15
1978	6	21	-15
1979	6	21	-15
1980	6	21	-15
1981	6	21	-15
1982	6	21	-15
1983	6	21	-15
1984	6	21	-15
1985	6	21	-15
1986	6	21	-15
1987	6	21	-15
1988	6	21	-15
1989	6	21	-15
1990	6	21	-15
1991	6	21	-15
1992	6	21	-15
1993	6	21	-15
1994	6	21	-15
1995	6	21	-15
1996	6	21	-15
1997	6	21	-15
1998	6	21	-15
1999	6	21	-15
2000	6	21	-15
2001	6	21	-15
2002	6	21	-15
2003	6	21	-15
2004	6	21	-15
2005	6	21	-15
2006	6	21	-15
2007	6	21	-15
2008	6	21	-15
2009	6	21	-15
2010	6	21	-15
2011	6	21	-15
2012	6	21	-15
2013	6	21	-15
2014	6	21	-15
2015	6	21	-15
2016	6	21	-15
2017	6	21	-15
2018	6	21	-15
2019	6	21	-15
2020	6	21	-15
2021	6	21	-15
2022	6	21	-15
2023	6	21	-15
2024	6	21	-15
2025	6	21	-15
2026	6	21	-15
2027	6	21	-15
2028	6	21	-15
2029	6	21	-15
2030	6	21	-15
2031	6	21	-15
2032	6	21	-15
2033	6	21	-15
2034	6	21	-15
2035	6	21	-15
2036	6	21	-15
2037	6	21	-15
2038	6	21	-15
2039	6	21	-15
2040	6	21	-15
2041	6	21	-15
2042	6	21	-15
2043	6	21	-15
2044	6	21	-15
2045	6	21	-15
2046	6	21	-15
2047	6	21	-15
2048	6	21	-15
2049	6	21	-15
2050	6	21	-15
2051	6	21	-15
2052	6	21	-15
2053	6	21	-15
2054	6	21	-15
2055	6	21	-15
2056	6	21	-15
2057	6	21	-15
2058	6	21	-15
2059	6	21	-15
2060	6	21	-15
2061	6	21	-15
2062	6	21	-15
2063	6	21	-15
2064	6	21	-15
2065	6	21	-15
2066	6	21	-15
2067	6	21	-15
2068	6	21	-15
2069	6	21	-15
2070	6	21	-15
2071	6	21	-15
2072	6	21	-15
2073	6	21	-15
2074	6	21	-15
2075	6	21	-15
2076	6	21	-15
2077	6	21	-15
2078	6	21	-15
2079	6	21	-15
2080	6	21	-15
2081	6	21	-15
2082	6	21	-15
2083	6	21	-15
2084	6	21	-15
2085	6	21	-15
2086	6	21	-15
2087	6	21	-15
2088	6	21	-15
2089	6	21	-15
2090	6	21	-15
2091	6	21	-15
2092	6	21	-15
2093	6	21	-15
2094	6	21	-15
2095	6	21	-15
2096	6	21	-15
2097	6	21	-15
2098	6	21	-15
2099	6	21	-15
2100	6	21	-15
2101	6	21	-15
2102	6	21	-15
2103	6	21	-15
2104	6	21	-15
2105	6	21	-15
2106	6	21	-15
2107	6	21	-15
2108	6	21	-15
2109	6	21	-15
2110	6	21	-15
2111	6	21	-15
2112	6	21	-15
2113	6	21	-15
2114	6	21	-15
2115	6	21	-15
2116	6	21	-15
2117	6	21	-15
2118	6	21	-15
2119	6	21	-15
2120	6	21	-15
2121	6	21	-15
2122	6	21	-15
2123	6	21	-15
2124	6	21	-15
2125	6	21	-15
2126	6	21	-15
2127	6	21	-15
2128	6	21	-15
2129	6	21	-15
2130	6	21	-15
2131	6	21	-15
2132	6	21	-15
2133	6	21	-15
2134	6	21	-15
2135	6	21	-15
2136	6	21	-15
2137	6	21	-15
2138	6	21	-15
2139	6	21	-15
2140	6	21	-15
2141	6	21	-15
2142	6	21	-15
2143	6	21	-15
2144	6	21	-15
2145	6	21	-15
2146	6	21	-15
2147	6	21	-15
2148	6	21	-15
2149	6	21	-15
2150	6	21	-15
2151	6	21	-15
2152	6	21	-15
2153	6	21	-15
2154	6	21	-15
2155	6	21	-15
2156	6	21	-15
2157	6	21	-15
2158	6	21	-15
2159	6	21	-15
2160	6	21	-15
2161	6	21	-15
2162	6	21	-15
2163	6	21	-15
2164	6	21	-15
2165	6	21	-15
2166	6	21	-15
2167	6	21	-15
2168	6	21	-15
2169	6	21	-15
2170	6	21	-15
2171	6	21	-15
2172	6	21	-15
2173	6	21	-15
2174	6	21	-15
2175	6	21	-15
2176	6	21	-15
2177	6	21	-15
2178	6	21	-15
2179	6	21	-15
2180	6	21	-15
2181	6	21	-15
2182	6	21	-15
2183	6	21	-15
2184	6	21	-15
2185	6	21	-15
2186	6	21	-15
2187	6	21	-15
2188	6	21	-15
2189	6	21	-15
2190	6	21	-15
2191	6	21	-15
2192	6	21	-15
2193	6	21	-15
2194	6	21	-15
2195	6	21	-15
2196	6	21	-15
2197	6	21	-15
2198	6	21	-15
2199	6	21	-15
2200	6	21	-15
2201	6	21	-15
2202	6	21	-15
2203	6	21	-15
2204	6	21	-15
2205	6	21	-15
2206	6	21	-15
2207	6	21	-15
2208	6	21	-15
2209	6	21	-15
2210	6	21	-15
2211	6	21	-15
2212	6	21	-15
2213	6	21	-15
2214	6	21	-15
2215	6	21	-15
2216	6	21	-15
2217	6	21	-15
2218	6	21	-15
2219	6	21	-15
2220	6	21	-15
2221	6	21	-15
2222	6	21	-15
2223	6	21	-15
2224	6	21	-15
2225	6	21	-15
2226	6	21	-15
2227	6	21	-15
2228	6	21	-15
2229	6	21	-15
2230	6	21	-15
2231	6	21	-15
2232	6	21	-15
2233	6	21	-15
2234	6	21	-15
2235	6	21	-15
2236	6	21	-15
2237	6	21	-15
2238	6	21	-15
2239	6	21	-15
2240	6	21	-15
2241	6	21	-15
2242	6	21	-15
2243	6	21	-15
2244	6	21	-15
2245	6	21	-15
2246	6	21	-15
2247	6	21	-15
2248	6	21	-15
2249	6	21	-15
2250	6	21	-15
2251	6	21	-15
2252	6	21	-15
2253	6	21	-15
2254	6	21	-15
2255	6	21	-15
2256	6	21	-15
2257	6	21	-15
2258	6	21	-15
2259	6	21	-15
2260	6	21	-15
2261	6	21	-15
2262	6	21	-15
2263	6	21	-15
2264	6	21	-15
2265	6	21	-15
2266	6	21	-15
2267	6	21	-15
2268	6	21	-15
2269	6	21	-15
2270	6	21	-15
2271	6	21	-15
2272	6	21	-15
2273	6	21	-15
2274	6	21	-15
2275	6	21	-15
2276	6	21	-15
2277	6	21	-15
2278	6	21	-15
2279	6	21	-15
2280	6	21	-15
2281	6	21	-15
2282	6	21	-15
2283	6	21	-15
2284	6	21	-15
2285	6	21	-15
2286	6	21	-15
2287	6	21	-15
2288	6	21	-15
2289	6	21	-15
2290	6	21	-15
2291	6	21	-15
2292	6	21	-15
2293	6	21	-15
2294	6	21	-15
2295	6	21	-15
2296	6	21	-15
2297	6	21	-15
2298	6	21	-15
2299	6	21	-15
2300	6	21	-15
2301	6	21	-15
2302	6	21	-15
2303	6	21	-15
2304	6	21	-15
2305	6	21	-15
2306	6	21	-15
2307	6	21	-15
2308	6	21	-15
2309	6	21	-15
2310	6	21	-15
2311	6	21	-15
2312	6	21	-15
2313	6	21	-15
2314	6	21	-15
2315	6	21	-15
2316	6	21	-15
2317	6	21	-15
2318	6	21	-15
2319	6	21	-15
2320	6	21	-15
2321	6	21	-15
2322	6	21	-15
2323	6	21	-15
2324	6	21	-15
2325	6	21	-15
2326	6	21	-15
2327	6	21	-15
2328	6	21	-15
2329	6	21	-15
2330	6	21	-15
2331	6	21	-15
2332	6	21	-15
2333	6	21	-15
2334	6	21	-15
2335	6	21	-15
2336	6	21	-15
2337	6	21	-15
2338	6	21	-15
2339	6	21	-15
2340	6	21	-15
2341	6	21	-15
2342	6	21	-15
2343	6	21	-15
2344	6	21	-15
2345	6	21	-15
2346	6	21	-15
2347	6	21	-15
2348	6	21	-15
2349	6	21	-15
2350	6	21	-15
2351	6	21	-15
2352	6	21	-15
2353	6	21	-15
2354	6	21	-15
2355	6	21	-15
2356	6	21	-15
2357	6	21	-15
2358	6	21	-15
2359	6	21	-15
2360	6	21	-15
2361	6	21	-15
2362	6	21	-15
2363	6	21	-15
2364	6	21	-15
2365	6	21	-15
2366	6	21	-15
2367	6	21	-15
2368	6	21	-15
2369	6	21	-15
2370	6	21	-15
2371	6	21	-15
2372	6	21	-15
2373	6	21	-15
2374	6	21	-15
2375	6	21	-15
2376	6	21	-15
2377	6	21	-15
2378	6	21	-15
2379	6	21	-15
2380	6	21	-15
2381	6	21	-15
2382	6	21	-15
2383	6	21	-15
2384	6	21	-15
2385	6	21	-15
2386	6	21	-15
2387	6	21	-15
2388	6	21	-15
2389	6	21	-15
2390	6	21	-15
2391	6	21	-15
2392	6	21	-15
2393	6	21	-15
2394	6	21	-15
2395	6	21	-15
2396	6	21	-15
2397	6	21	-15
2398	6	21	-15
2399	6	21	-15
2400	6	21	-15
2401	6	21	-15
2402	6	21	-15
2403	6	21	-15
2404	6	21	-15
2405	6	21	-15
2406	6	21	-15
2407	6	21	-15
2408	6	21	-15
2409	6	21	-15
2410	6	21	-15
2411	6	22	-16
2412	6	22	-16
2413	6	22	-16
2414	6	22	-16
2415	6	22	-16
2416	6	22	-16
2417	6	22	-16
2418	6	22	-16
2419	6	22	-16
2420	6	22	-16
2421	6	22	-16
2422	6	22	-16
2423	6	22	-16
2424	6	22	-16
2425	6	22	-16
2426	6	22	-16
2427	6	22	-16
2428	6	22	-16
2429	6	22	-16
2430	6	22	-16
2431	6	22	-16
2432	6	22	-16
2433	6	22	-16
2434	6	22	-16
2435	6	22	-16
2436	6	22	-16
2437	6	22	-16
2438	6	22	-16
2439	6	22	-16
2440	6	22	-16
2441	6	22	-16
2442	6	22	-16
2443	6	22	-16
2444	6	22	-16
2445	6	22	-16
2446	6	22	-16
2447	6	22	-16
2448	6	22	-16
2449	6	23	-17
2450	6	23	-17
2451	6	23	-17
2452	6	23	-17
2453	6	23	-17
2454	6	24	-18
2455	6	24	-18
2456	6	24	-18
2457	6	24	-18
2458	6	24	-18
2459	6	24	-18
2460	6	24	-18
2461	6	24	-18
2462	6	24	-18
2463	7	24	-17
2464	7	24	-17
2465	7	24	-17
2466	7	24	-17
2467	7	24	-17
2468	7	24	-17
2469	7	24	-17
2470	7	24	-17
2471	7	24	-17
2472	7	24	-17
2473	7	24	-17
2474	7	24	-17
2475	7	24	-17
2476	7	24	-17
2477	7	24	-17
2478	7	24	-17
2479	7	24	-17
2480	7	24	-17
2481	7	24	-17
2482	7	24	-17
2483	7	24	-17
2484	7	24	-17
2485	7	24	-17
2486	7	24	-17
2487	7	24	-17
2488	7	24	-17
2489	7	24	-17
2490	7	24	-17
2491	7	24	-17
2492	7	24	-17
2493	7	24	-17
2494	7	24	-17
2495	7	24	-17
2496	7	24	-17
2497	7	24	-17
2498	7	24	-17
2499	7	24	-17
2500	7	24	-17
2501	7	24	-17
2502	7	25	-18
2503	7	25	-18
2504	7	25	-18
2505	7	25	-18
2506	7	25	-18
2507	7	25	-18
2508	7	25	-18
2509	7	25	-18
2510	7	25	-18
2511	7	25	-18
2512	7	25	-18
2513	7	25	-18
2514	7	25	-18
2515	7	25	-18
2516	7	25	-18
2517	7	25	-18
2518	7	25	-18
2519	7	26	-19
2520	7	26	-19
2521	7	26	-19
2522	7	26	-19
2523	7	26	-19
2524	7	26	-19
2525	7	26	-19
2526	7	26	-19
2527	7	26	-19
2528	7	26	-19
2529	7	26	-19
2530	7	26	-19
2531	7	26	-19
2532	7	26	-19
2533	7	26	-19
2534	7	26	-19
2535	7	26	-19
2536	7	26	-19
2537	7	26	-19
2538	7	27	-20
2539	7	27	-20
2540	7	27	-20
2541	7	27	-20
2542	7	27	-20
2543	7	27	-20
2544	7	27	-20
2545	7	27	-20
2546	8	27	-19
2547	8	27	-19
2548	8	27	-19
2549	8	27	-19
2550	8	27	-19
2551	8	27	-19
2552	8	27	-19
2553	8	27	-19
2554	8	27	-19
2555	8	27	-19
2556	8	27	-19
2557	8	27	-19
2558	8	27	-19
2559	8	27	-19
2560	8	27	-19
2561	8	27	-19
2562	8	27	-19
2563	8	27	-19
2564	8	27	-19
2565	8	27	-19
2566	8	27	-19
2567	8	27	-19
2568	8	27	-19
2569	8	27	-19
2570	8	28	-20
2571	8	28	-20
2572	8	28	-20
2573	8	28	-20
2574	8	29	-21
2575	8	29	-21
2576	8	29	-21
2577	8	29	-21
2578	8	29	-21
2579	8	29	-21
2580	9	29	-20
2581	9	30	-21
2582	9	30	-21
2583	9	30	-21
2584	9	30	-21
2585	9	30	-21
2586	9	30	-21
2587	9	30	-21
2588	9	30	-21
2589	9	30	-21
2590	9	31	-22
2591	9	31	-22
2592	9	31	-22
2593	9	31	-22
2594	9	31	-22
2595	9	31	-22
2596	9	31	-22
2597	9	31	-22
2598	9	31	-22
2599	9	31	-22
2600	9	31	-22
2601	9	31	-22
2602	9	31	-22
2603	10	31	-21
2604	10	32	-22
2605	10	32	-22
2606	10	32	-22
2607	10	32	-22
2608	10	32	-22
2609	10	32	-22
2610	10	32	-22
2611	10	32	-22
2612	10	32	-22
2613	10	32	-22
2614	10	32	-22
2615	10	32	-22
2616	10	32	-22
2617	10	32	-22
2618	10	32	-22
2619	10	32	-22
2620	10	32	-22
2621	10	32	-22
2622	10	32	-22
2623	10	32	-22
2624	10	32	-22
2625	10	32	-22
2626	10	32	-22
2627	10	32	-22
2628	10	32	-22
2629	10	32	-22
2630	10	32	-22
2631	10	32	-22
2632	10	32	-22
2633	10	32	-22
2634	11	32	-21
2635	11	32	-21
2636	11	32	-21
2637	11	32	-21
2638	11	32	-21
2639	11	32	-21
2640	11	32	-21
2641	11	32	-21
2642	11	32	-21
2643	11	32	-21
2644	11	32	-21
2645	11	32	-21
2646	11	32	-21
2647	11	32	-21
2648	11	32	-21
2649	11	32	-21
2650	11	32	-21
2651	11	32	-21
2652	11	32	-21
2653	11	32	-21
2654	11	32	-21
2655	11	32	-21
2656	11	32	-21
2657	11	32	-21
2658	11	32	-21
2659	11	32	-21
2660	11	32	-21
2661	11	32	-21
2662	11	32	-21
2663	11	32	-21
2664	11	32	-21
2665	11	32	-21
2666	11	32	-21
2667	11	32	-21
2668	11	32	-21
2669	11	32	-21
2670	11	32	-21
2671	11	32	-21
2672	11	32	-21
2673	11	32	-21
2674	11	32	-21
2675	11	32	-21
2676	11	32	-21
2677	11	32	-21
2678	11	32	-21
2679	11	32	-21
2680	11	32	-21
2681	11	32	-21
2682	11	32	-21
2683	11	32	-21
2684	11	32	-21
2685	11	32	-21
2686	11	32	-21
2687	11	32	-21
2688	11	32	-21
2689	11	32	-21
2690	11	32	-21
2691	11	32	-21
2692	11	32	-21
2693	11	32	-21
2694	11	32	-21
2695	11	32	-21
2696	11	32	-21
2697	11	32	-21
2698	11	32	-21
2699	11	32	-21
2700	11	32	-21
2701	11	32	-21
2702	11	32	-21
2703	11	32	-21
2704	11	32	-21
2705	11	32	-21
2706	11	32	-21
2707	11	32	-21
2708	11	32	-21
2709	11	32	-21
2710	11	32	-21
2711	11	32	-21
2712	11	32	-21
2713	11	32	-21
2714	11	32	-21
2715	11	32	-21
2716	11	32	-21
2717	11	32	-21
2718	11	32	-21
2719	11	32	-21
2720	11	32	-21
2721	11	32	-21
2722	11	32	-21
2723	11	32	-21
2724	11	32	-21
2725	11	32	-21
2726	11	32	-21
2727	11	32	-21
2728	11	32	-21
2729	11	32	-21
2730	11	32	-21
2731	11	32	-21
2732	11	32	-21
2733	11	32	-21
2734	11	32	-21
2735	11	32	-21
2736	11	32	-21
2737	11	32	-21
2738	11	32	-21
2739	11	32	-21
2740	11	32	-21
2741	11	32	-21
2742	11	32	-21
2743	11	32	-21
2744	11	32	-21
2745	11	32	-21
2746	11	32	-21
2747	11	32	-21
2748	11	32	-21
2749	11	32	-21
2750	11	32	-21
2751	11	32	-21
2752	11	32	-21
2753	11	32	-21
2754	11	32	-21
2755	11	32	-21
2756	11	32	-21
2757	11	32	-21
2758	11	32	-21
2759	11	32	-21
2760	11	32	-21
2761	11	32	-21
2762	11	32	-21
2763	11	32	-21
2764	11	32	-21
2765	11	32	-21
2766	11	32	-21
2767	11	32	-21
2768	11	32	-21
2769	11	32	-21
2770	11	32	-21
2771	11	32	-21
2772	11	32	-21
2773	11	32	-21
2774	11	32	-21
2775	11	32	-21
2776	11	32	-21
2777	11	32	-21
2778	11	32	-21
2779	11	32	-21
2780	11	32	-21
2781	11	32	-21
2782	11	32	-21
2783	11	32	-21
2784	11	32	-21
2785	11	32	-21
2786	11	32	-21
2787	11	32	-21
2788	11	32	-21
2789	11	32	-21
2790	11	32	-21
2791	11	32	-21
2792	11	32	-21
2793	11	32	-21
2794	11	32	-21
2795	11	32	-21
2796	11	32	-21
2797	11	32	-21
2798	11	32	-21
2799	11	32	-21
2800	11	32	-21
2801	11	32	-21
2802	11	32	-21
2803	11	32	-21
2804	11	32	-21
2805	11	32	-21
2806	11	32	-21
2807	11	32	-21
2808	11	32	-21
2809	11	32	-21
2810	11	32	-21
2811	11	32	-21
2812	11	32	-21
2813	11	32	-21
2814	11	32	-21
2815	11	32	-21
2816	11	32	-21
2817	11	32	-21
2818	11	32	-21
2819	11	32	-21
2820	11	32	-21
2821	11	32	-21
2822	11	32	-21
2823	11	32	-21
2824	11	32	-21
2825	10	32	-22
2826	10	32	-22
2827	10	32	-22
2828	10	32	-22
2829	10	32	-22
2830	10	32	-22
2831	10	32	-22
2832	10	32	-22
2833	10	32	-22
2834	10	32	-22
2835	10	32	-22
2836	10	32	-22
2837	10	32	-22
2838	10	32	-22
2839	10	32	-22
2840	10	32	-22
2841	10	32	-22
2842	10	32	-22
2843	10	32	-22
2844	10	32	-22
2845	10	32	-22
2846	10	32	-22
2847	10	32	-22
2848	10	32	-22
2849	10	32	-22
2850	10	32	-22
2851	10	32	-22
2852	10	32	-22
2853	10	32	-22
2854	10	32	-22
2855	10	32	-22
2856	10	32	-22
2857	10	32	-22
2858	10	32	-22
2859	10	32	-22
2860	11	32	-21
2861	11	32	-21
2862	11	32	-21
2863	11	32	-21
2864	11	32	-21
2865	11	32	-21
2866	11	32	-21
2867	11	32	-21
2868	11	32	-21
2869	11	32	-21
2870	11	32	-21
2871	11	32	-21
2872	11	32	-21
2873	11	32	-21
2874	11	32	-21
2875	11	32	-21
2876	11	32	-21
2877	11	32	-21
2878	11	32	-21
2879	11	32	-21
2880	11	32	-21
2881	11	32	-21
2882	11	32	-21
2883	11	32	-21
2884	11	32	-21
2885	11	32	-21
2886	11	32	-21
2887	11	32	-21
2888	11	32	-21
2889	11	32	-21
2890	11	32	-21
2891	11	32	-21
2892	11	32	-21
2893	11	32	-21
2894	11	32	-21
2895	11	32	-21
2896	11	32	-21
2897	11	32	-21
2898	11	32	-21
2899	11	32	-21
2900	11	32	-21
2901	11	32	-21
2902	11	32	-21
2903	11	32	-21
2904	11	32	-21
2905	11	32	-21
2906	11	32	-21
2907	11	32	-21
2908	11	32	-21
2909	11	32	-21
2910	11	32	-21
2911	11	32	-21
2912	11	32	-21
2913	11	32	-21
2914	11	32	-21
2915	11	32	-21
2916	11	32	-21
2917	11	32	-21
2918	11	32	-21
2919	11	32	-21
2920	11	32	-21
2921	11	32	-21
2922	11	32	-21
2923	11	32	-21
2924	11	32	-21
2925	11	32	-21
2926	11	32	-21
2927	11	32	-21
2928	11	32	-21
2929	11	32	-21
2930	11	32	-21
2931	11	32	-21
2932	11	32	-21
2933	11	32	-21
2934	11	32	-21
2935	11	32	-21
2936	11	32	-21
2937	11	32	-21
2938	11	32	-21
2939	11	32	-21
2940	11	32	-21
2941	11	32	-21
2942	11	32	-21
2943	11	32	-21
2944	11	32	-21
2945	11	32	-21
2946	11	32	-21
2947	11	32	-21
2948	11	32	-21
2949	11	32	-21
2950	11	32	-21
2951	11	32	-21
2952	11	32	-21
2953	11	32	-21
2954	11	32	-21
2955	11	32	-21
2956	11	32	-21
2957	11	32	-21
2958	11	32	-21
2959	11	32	-21
2960	11	32	-21
2961	11	32	-21
2962	11	32	-21
2963	11	32	-21
2964	11	32	-21
2965	11	32	-21
2966	11	32	-21
2967	11	32	-21
2968	11	32	-21
2969	11	32	-21
2970	11	32	-21
2971	11	32	-21
2972	11	32	-21
2973	11	32	-21
2974	11	32	-21
2975	11	32	-21
2976	11	32	-21
2977	11	32	-21
2978	11	32	-21
2979	11	32	-21
2980	11	33	-22
2981	11	33	-22
2982	11	33	-22
2983	11	33	-22
2984	11	33	-22
2985	11	33	-22
2986	11	33	-22
2987	11	33	-22
2988	11	33	-22
2989	11	33	-22
2990	11	33	-22
2991	11	33	-22
2992	11	33	-22
2993	11	33	-22
2994	11	33	-22
2995	11	33	-22
2996	11	33	-22
2997	11	33	-22
2998	11	33	-22
2999	11	33	-22
3000	11	33	-22
3001	11	33	-22
3002	11	33	-22
3003	11	33	-22
3004	11	33	-22
3005	11	33	-22
3006	11	33	-22
3007	11	33	-22
3008	11	33	-22
3009	11	33	-22
3010	11	33	-22
3011	11	33	-22
3012	11	33	-22
3013	11	34	-23
3014	11	34	-23
3015	11	34	-23
3016	11	34	-23
3017	11	34	-23
3018	11	34	-23
3019	11	34	-23
3020	11	34	-23
3021	12	34	-22
3022	12	34	-22
3023	12	34	-22
3024	12	34	-22
3025	12	34	-22
3026	12	34	-22
3027	12	34	-22
3028	12	34	-22
3029	12	34	-22
3030	12	34	-22
3031	12	34	-22
3032	12	34	-22
3033	12	34	-22
3034	12	34	-22
3035	12	34	-22
3036	12	34	-22
3037	12	34	-22
3038	12	34	-22
3039	12	34	-22
3040	12	34	-22
3041	12	34	-22
3042	12	34	-22
3043	12	34	-22
3044	12	34	-22
3045	12	34	-22
3046	12	34	-22
3047	12	34	-22
3048	12	34	-22
3049	12	34	-22
3050	12	34	-22
3051	12	34	-22
3052	12	34	-22
3053	12	34	-22
3054	12	34	-22
3055	12	34	-22
3056	12	34	-22
3057	12	34	-22
3058	12	34	-22
3059	12	34	-22
3060	12	34	-22
3061	12	34	-22
3062	12	34	-22
3063	12	34	-22
3064	12	34	-22
3065	12	34	-22
3066	12	34	-22
3067	12	34	-22
3068	12	34	-22
3069	12	34	-22
3070	12	34	-22
3071	12	34	-22
3072	12	34	-22
3073	12	34	-22
3074	12	34	-22
3075	12	34	-22
3076	12	34	-22
3077	12	34	-22
3078	12	34	-22
3079	12	34	-22
3080	12	34	-22
3081	12	34	-22
3082	12	34	-22
3083	12	34	-22
3084	12	34	-22
3085	12	34	-22
3086	12	34	-22
3087	12	34	-22
3088	12	34	-22
3089	12	34	-22
3090	12	34	-22
3091	12	34	-22
3092	12	34	-22
3093	12	34	-22
3094	12	34	-22
3095	12	34	-22
3096	12	34	-22
3097	12	34	-22
3098	12	34	-22
3099	12	34	-22
3100	12	34	-22
3101	12	34	-22
3102	12	34	-22
3103	12	34	-22
3104	12	34	-22
3105	12	34	-22
3106	12	34	-22
3107	12	34	-22
3108	12	34	-22
3109	12	34	-22
3110	12	34	-22
3111	12	34	-22
3112	12	34	-22
3113	12	34	-22
3114	12	34	-22
3115	12	34	-22
3116	12	34	-22
3117	12	34	-22
3118	12	34	-22
3119	12	34	-22
3120	12	34	-22
3121	12	34	-22
3122	12	34	-22
3123	12	34	-22
3124	12	34	-22
3125	12	34	-22
3126	12	34	-22
3127	12	34	-22
3128	12	34	-22
3129	12	34	-22
3130	12	34	-22
3131	12	34	-22
3132	12	34	-22
3133	12	34	-22
3134	12	34	-22
3135	12	34	-22
3136	12	34	-22
3137	12	34	-22
3138	12	34	-22
3139	12	34	-22
3140	13	34	-21
3141	13	34	-21
3142	13	34	-21
3143	13	34	-21
3144	13	34	-21
3145	13	34	-21
3146	13	34	-21
3147	13	34	-21
3148	13	34	-21
3149	13	34	-21
3150	13	34	-21
3151	13	34	-21
3152	13	34	-21
3153	13	34	-21
3154	13	34	-21
3155	13	34	-21
3156	13	34	-21
3157	13	34	-21
3158	13	34	-21
3159	13	34	-21
3160	13	34	-21
3161	13	34	-21
3162	13	34	-21
3163	13	34	-21
3164	13	34	-21
3165	13	34	-21
3166	13	34	-21
3167	13	34	-21
3168	13	34	-21
3169	13	34	-21
3170	13	34	-21
3171	13	34	-21
3172	13	34	-21
3173	13	34	-21
3174	13	34	-21
3175	13	34	-21
3176	13	34	-21
3177	13	34	-21
3178	13	34	-21
3179	13	34	-21
3180	13	34	-21
3181	13	34	-21
3182	13	34	-21
3183	13	34	-21
3184	13	34	-21
3185	13	34	-21
3186	13	34	-21
3187	13	34	-21
3188	13	34	-21
3189	13	34	-21
3190	13	34	-21
3191	13	34	-21
3192	13	34	-21
3193	13	34	-21
3194	13	34	-21
3195	13	34	-21
3196	13	34	-21
3197	13	34	-21
3198	13	34	-21
3199	13	34	-21
3200	13	34	-21
3201	13	34	-21
3202	13	34	-21
3203	13	34	-21
3204	13	34	-21
3205	13	34	-21
3206	13	34	-21
3207	13	34	-21
3208	13	34	-21
3209	13	34	-21
3210	13	34	-21
3211	13	34	-21
3212	13	34	-21
3213	13	34	-21
3214	13	34	-21
3215	13	34	-21
3216	13	34	-21
3217	13	34	-21
3218	13	34	-21
3219	13	34	-21
3220	13	34	-21
3221	13	34	-21
3222	13	34	-21
3223	13	34	-21
3224	13	34	-21
3225	13	34	-21
3226	13	34	-21
3227	13	34	-21
3228	13	34	-21
3229	13	34	-21
3230	13	34	-21
3231	13	34	-21
3232	13	34	-21
3233	13	34	-21
3234	13	34	-21
3235	13	34	-21
3236	13	34	-21
3237	13	34	-21
3238	13	34	-21
3239	13	34	-21
3240	13	34	-21
3241	13	34	-21
3242	13	34	-21
3243	13	34	-21
3244	13	34	-21
3245	13	34	-21
3246	13	34	-21
3247	13	34	-21
3248	13	34	-21
3249	13	34	-21
3250	13	34	-21
3251	13	34	-21
3252	13	34	-21
3253	13	34	-21
3254	13	34	-21
3255	13	34	-21
3256	13	34	-21
3257	13	34	-21
3258	13	34	-21
3259	13	34	-21
3260	13	34	-21
3261	13	34	-21
3262	13	34	-21
3263	13	34	-21
3264	13	34	-21
3265	13	34	-21
3266	13	34	-21
3267	13	34	-21
3268	13	34	-21
3269	13	34	-21
3270	13	34	-21
3271	13	34	-21
3272	13	34	-21
3273	13	34	-21
3274	13	34	-21
3275	13	34	-21
3276	13	34	-21
3277	13	34	-21
3278	13	34	-21
3279	13	34	-21
3280	13	34	-21
3281	13	34	-21
3282	13	34	-21
3283	13	34	-21
3284	13	34	-21
3285	13	34	-21
3286	13	34	-21
3287	13	34	-21
3288	13	34	-21
3289	13	34	-21
3290	13	34	-21
3291	13	34	-21
3292	13	34	-21
3293	13	34	-21
3294	13	34	-21
3295	13	34	-21
3296	13	34	-21
3297	13	34	-21
3298	13	34	-21
3299	13	34	-21
3300	13	34	-21
3301	13	34	-21
3302	13	34	-21
3303	13	34	-21
3304	13	34	-21
3305	13	34	-21
3306	13	34	-21
3307	13	34	-21
3308	13	34	-21
3309	13	34	-21
3310	13	34	-21
3311	13	34	-21
3312	13	34	-21
3313	13	34	-21
3314	13	34	-21
3315	13	34	-21
3316	13	34	-21
3317	13	34	-21
3318	13	34	-21
3319	13	34	-21
3320	13	34	-21
3321	13	34	-21
3322	13	34	-21
3323	13	34	-21
3324	13	34	-21
3325	13	34	-21
3326	13	34	-21
3327	13	34	-21
3328	13	34	-21
3329	13	34	-21
3330	13	34	-21
3331	13	34	-21
3332	13	34	-21
3333	13	34	-21
3334	13	34	-21
3335	13	34	-21
3336	13	34	-21
3337	13	34	-21
3338	13	34	-21
3339	13	34	-21
3340	13	34	-21
3341	13	34	-21
3342	13	34	-21
3343	13	34	-21
3344	13	34	-21
3345	13	34	-21
3346	13	34	-21
3347	13	34	-21
3348	13	34	-21
3349	13	34	-21
3350	13	34	-21
3351	13	34	-21
3352	13	34	-21
3353	13	34	-21
3354	13	34	-21
3355	13	34	-21
3356	13	34	-21
3357	13	34	-21
3358	13	34	-21
3359	13	34	-21
3360	13	34	-21
3361	13	34	-21
3362	13	34	-21
3363	13	34	-21
3364	13	34	-21
3365	13	34	-21
3366	13	34	-21
3367	13	34	-21
3368	13	34	-21
3369	13	34	-21
3370	13	34	-21
3371	13	34	-21
3372	13	34	-21
3373	13	34	-21
3374	13	34	-21
3375	13	34	-21
3376	13	34	-21
3377	13	34	-21
3378	13	34	-21
3379	13	34	-21
3380	13	34	-21
3381	13	34	-21
3382	13	34	-21
3383	13	34	-21
3384	13	34	-21
3385	13	34	-21
3386	13	34	-21
3387	13	34	-21
3388	13	34	-21
3389	13	34	-21
3390	13	34	-21
3391	13	34	-21
3392	13	34	-21
3393	13	34	-21
3394	13	34	-21
3395	13	34	-21
3396	13	34	-21
3397	13	34	-21
3398	13	34	-21
3399	13	34	-21
3400	13	34	-21
3401	13	34	-21
3402	13	34	-21
3403	13	34	-21
3404	13	34	-21
3405	13	34	-21
3406	13	34	-21
3407	13	34	-21
3408	13	34	-21
3409	13	34	-21
3410	13	34	-21
3411	13	34	-21
3412	13	34	-21
3413	13	34	-21
3414	13	34	-21
3415	13	34	-21
3416	13	34	-21
3417	13	34	-21
3418	13	34	-21
3419	13	34	-21
3420	13	34	-21
3421	13	34	-21
3422	13	34	-21
3423	13	34	-21
3424	13	34	-21
3425	13	34	-21
3426	13	34	-21
3427	13	34	-21
3428	13	34	-21
3429	13	34	-21
3430	13	34	-21
3431	13	34	-21
3432	13	34	-21
3433	13	34	-21
3434	13	34	-21
3435	13	34	-21
3436	13	34	-21
3437	13	34	-21
3438	13	34	-21
3439	13	34	-21
3440	13	34	-21
3441	13	34	-21
3442	13	34	-21
3443	13	34	-21
3444	13	34	-21
3445	13	34	-21
3446	13	34	-21
3447	13	34	-21
3448	13	34	-21
3449	13	34	-21
3450	13	34	-21
3451	13	34	-21
3452	13	34	-21
3453	13	34	-21
3454	13	34	-21
3455	13	34	-21
3456	13	34	-21
3457	13	34	-21
3458	13	34	-21
3459	13	34	-21
3460	13	34	-21
3461	13	34	-21
3462	13	34	-21
3463	13	34	-21
3464	13	34	-21
3465	13	34	-21
3466	13	34	-21
3467	13	34	-21
3468	13	34	-21
3469	13	34	-21
3470	13	34	-21
3471	13	34	-21
3472	13	34	-21
3473	13	34	-21
3474	13	34	-21
3475	13	34	-21
3476	13	34	-21
3477	13	34	-21
3478	13	34	-21
3479	13	34	-21
3480	13	34	-21
3481	13	34	-21
3482	13	34	-21
3483	13	34	-21
3484	13	34	-21
3485	13	34	-21
3486	13	34	-21
3487	13	34	-21
3488	13	34	-21
3489	13	34	-21
3490	13	34	-21
3491	13	34	-21
3492	13	34	-21
3493	13	34	-21
3494	13	34	-21
3495	13	34	-21
3496	13	34	-21
3497	13	34	-21
3498	13	34	-21
3499	13	34	-21
3500	13	34	-21
3501	13	34	-21
3502	13	34	-21
3503	13	34	-21
3504	13	34	-21
3505	13	34	-21
3506	13	34	-21
3507	13	34	-21
3508	13	34	-21
3509	13	34	-21
3510	13	34	-21
3511	13	34	-21
3512	13	34	-21
3513	13	34	-21
3514	13	34	-21
3515	13	34	-21
3516	13	34	-21
3517	13	34	-21
3518	13	34	-21
3519	13	34	-21
3520	13	34	-21
3521	13	34	-21
3522	13	34	-21
3523	13	34	-21
3524	13	34	-21
3525	13	34	-21
3526	13	34	-21
3527	13	34	-21
3528	13	34	-21
3529	13	34	-21
3530	13	34	-21
3531	13	34	-21
3532	13	34	-21
3533	13	34	-21
3534	13	34	-21
3535	13	34	-21
3536	13	34	-21
3537	13	34	-21
3538	13	34	-21
3539	13	34	-21
3540	13	34	-21
3541	13	34	-21
3542	13	34	-21
3543	13	34	-21
3544	13	34	-21
3545	13	34	-21
3546	13	34	-21
3547	13	34	-21
3548	13	34	-21
3549	13	34	-21
3550	13	34	-21
3551	13	34	-21
3552	13	34	-21
3553	13	34	-21
3554	13	34	-21
3555	13	34	-21
3556	13	34	-21
3557	13	34	-21
3558	13	34	-21
3559	13	34	-21
3560	13	34	-21
3561	13	34	-21
3562	13	34	-21
3563	13	34	-21
3564	13	34	-21
3565	13	34	-21
3566	13	34	-21
3567	13	34	-21
3568	13	34	-21
3569	13	34	-21
3570	13	34	-21
3571	13	34	-21
3572	13	34	-21
3573	13	34	-21
3574	13	34	-21
3575	13	34	-21
3576	13	34	-21
3577	13	34	-21
3578	13	34	-21
3579	13	34	-21
3580	13	34	-21
3581	13	34	-21
3582	13	34	-21
3583	13	34	-21
3584	13	34	-21
3585	13	34	-21
3586	13	34	-21
3587	13	34	-21
3588	13	34	-21
3589	13	34	-21
3590	13	34	-21
3591	13	34	-21
3592	13	34	-21
3593	13	34	-21
3594	13	34	-21
3595	13	34	-21
3596	13	34	-21
3597	13	34	-21
3598	13	34	-21
3599	13	34	-21
3600	13	34	-21
3601	13	34	-21
3602	13	34	-21
3603	13	34	-21
3604	13	34	-21
3605	13	34	-21
3606	13	34	-21
3607	13	34	-21
3608	13	34	-21
3609	13	34	-21
3610	13	34	-21
3611	13	34	-21
3612	13	34	-21
3613	13	34	-21
3614	13	34	-21
3615	13	34	-21
3616	13	34	-21
3617	13	34	-21
3618	13	34	-21
3619	13	34	-21
3620	13	34	-21
3621	13	34	-21
3622	13	34	-21
3623	13	34	-21
3624	13	34	-21
3625	13	34	-21
3626	13	34	-21
3627	13	34	-21
3628	13	34	-21
3629	13	34	-21
3630	13	34	-21
3631	13	34	-21
3632	13	34	-21
3633	13	34	-21
3634	13	34	-21
3635	13	34	-21
3636	13	34	-21
3637	13	34	-21
3638	13	34	-21
3639	13	34	-21
3640	13	34	-21
3641	13	34	-21
3642	13	34	-21
3643	13	34	-21
3644	13	34	-21
3645	13	34	-21
3646	13	34	-21
3647	14	34	-20
3648	14	34	-20
3649	14	34	-20
3650	14	34	-20
3651	14	34	-20
3652	14	34	-20
3653	14	34	-20
3654	14	34	-20
3655	14	34	-20
3656	14	34	-20
3657	14	34	-20
3658	14	34	-20
3659	14	34	-20
3660	14	34	-20
3661	14	34	-20
3662	14	34	-20
3663	14	34	-20
3664	14	34	-20
3665	14	34	-20
3666	14	34	-20
3667	14	34	-20
3668	14	34	-20
3669	14	34	-20
3670	14	34	-20
3671	14	34	-20
3672	14	34	-20
3673	14	34	-20
3674	14	34	-20
3675	14	34	-20
3676	14	34	-20
3677	14	34	-20
3678	14	34	-20
3679	14	34	-20
3680	14	34	-20
3681	14	34	-20
3682	14	34	-20
3683	14	34	-20
3684	14	34	-20
3685	14	34	-20
3686	14	34	-20
3687	14	34	-20
3688	14	34	-20
3689	14	34	-20
3690	14	34	-20
3691	14	34	-20
3692	14	34	-20
3693	14	34	-20
3694	14	34	-20
3695	14	34	-20
3696	14	34	-20
3697	14	34	-20
3698	14	34	-20
3699	14	34	-20
3700	14	34	-20
3701	14	34	-20
3702	14	34	-20
3703	14	34	-20
3704	14	34	-20
3705	14	34	-20
3706	14	34	-20
3707	14	34	-20
3708	14	34	-20
3709	14	34	-20
3710	14	34	-20
3711	14	34	-20
3712	14	34	-20
3713	14	34	-20
3714	14	34	-20
3715	14	34	-20
3716	14	34	-20
3717	14	34	-20
3718	14	34	-20
3719	14	34	-20
3720	14	34	-20
3721	14	34	-20
3722	14	34	-20
3723	14	34	-20
3724	14	34	-20
3725	14	34	-20
3726	14	34	-20
3727	14	34	-20
3728	14	34	-20
3729	14	34	-20
3730	14	34	-20
3731	14	34	-20
3732	14	34	-20
3733	14	34	-20
3734	14	34	-20
3735	14	34	-20
3736	14	34	-20
3737	14	34	-20
3738	14	34	-20
3739	14	34	-20
3740	14	34	-20
3741	14	34	-20
3742	14	34	-20
3743	14	34	-20
3744	14	34	-20
3745	14	34	-20
3746	14	34	-20
3747	14	34	-20
3748	14	34	-20
3749	14	34	-20
3750	14	34	-20
3751	14	34	-20
3752	14	34	-20
3753	14	34	-20
3754	14	34	-20
3755	14	34	-20
3756	14	34	-20
3757	14	34	-20
3758	14	34	-20
3759	14	34	-20
3760	14	34	-20
3761	14	34	-20
3762	14	34	-20
3763	14	34	-20
3764	14	34	-20
3765	14	34	-20
3766	14	34	-20
3767	14	34	-20
3768	14	34	-20
3769	14	34	-20
3770	14	34	-20
3771	14	34	-20
3772	14	34	-20
3773	14	34	-20
3774	14	34	-20
3775	14	34	-20
3776	14	34	-20
3777	14	34	-20
3778	14	34	-20
3779	14	34	-20
3780	14	34	-20
3781	14	34	-20
3782	14	34	-20
3783	14	34	-20
3784	14	34	-20
3785	14	34	-20
3786	14	34	-20
3787	14	34	-20
3788	14	34	-20
3789	14	34	-20
3790	14	34	-20
3791	14	34	-20
3792	14	34	-20
3793	14	34	-20
3794	14	34	-20
3795	14	34	-20
3796	14	34	-20
3797	14	34	-20
3798	14	34	-20
3799	14	34	-20
3800	14	34	-20
3801	14	34	-20
3802	14	34	-20
3803	14	34	-20
3804	14	34	-20
3805	14	34	-20
3806	14	34	-20
3807	14	34	-20
3808	14	34	-20
3809	14	34	-20
3810	14	34	-20
3811	14	34	-20
3812	14	34	-20
3813	14	34	-20
3814	14	34	-20
3815	14	34	-20
3816	14	34	-20
3817	14	34	-20
3818	14	34	-20
3819	14	34	-20
3820	14	34	-20
3821	14	34	-20
3822	14	34	-20
3823	14	34	-20
3824	14	34	-20
3825	14	34	-20
3826	14	34	-20
3827	14	34	-20
3828	14	34	-20
3829	14	34	-20
3830	14	34	-20
3831	14	34	-20
3832	14	34	-20
3833	14	34	-20
3834	14	34	-20
3835	14	34	-20
3836	14	34	-20
3837	14	34	-20
3838	14	34	-20
3839	14	34	-20
3840	14	34	-20
3841	14	34	-20
3842	14	34	-20
3843	14	34	-20
3844	14	34	-20
3845	14	34	-20
3846	14	34	-20
3847	14	34	-20
3848	14	34	-20
3849	14	34	-20
3850	14	34	-20
3851	14	34	-20
3852	14	34	-20
3853	14	34	-20
3854	14	34	-20
3855	14	34	-20
3856	14	34	-20
3857	14	34	-20
3858	14	34	-20
3859	14	34	-20
3860	14	34	-20
3861	14	34	-20
3862	14	34	-20
3863	14	34	-20
3864	14	34	-20
3865	14	34	-20
3866	14	34	-20
3867	14	34	-20
3868	14	34	-20
3869	14	34	-20
3870	14	34	-20
3871	14	34	-20
3872	14	34	-20
3873	14	34	-20
3874	14	34	-20
3875	14	34	-20
3876	14	34	-20
3877	14	34	-20
3878	14	34	-20
3879	14	34	-20
3880	14	34	-20
3881	14	34	-20
3882	14	34	-20
3883	14	34	-20
3884	14	34	-20
3885	14	34	-20
3886	14	34	-20
3887	14	34	-20
3888	14	34	-20
3889	14	34	-20
3890	14	34	-20
3891	14	34	-20
3892	14	34	-20
3893	14	34	-20
3894	14	34	-20
3895	14	34	-20
3896	14	34	-20
3897	14	34	-20
3898	14	34	-20
3899	14	34	-20
3900	14	34	-20
3901	14	34	-20
3902	14	34	-20
3903	14	34	-20
3904	14	34	-20
3905	14	34	-20
3906	14	34	-20
3907	14	34	-20
3908	14	34	-20
3909	14	34	-20
3910	14	34	-20
3911	14	34	-20
3912	14	34	-20
3913	14	34	-20
3914	14	34	-20
3915	14	34	-20
3916	14	34	-20
3917	14	34	-20
3918	14	34	-20
3919	14	34	-20
3920	14	34	-20
3921	14	34	-20
3922	14	34	-20
3923	14	34	-20
3924	14	34	-20
3925	14	34	-20
3926	14	34	-20
3927	14	34	-20
3928	14	34	-20
3929	14	34	-20
3930	14	34	-20
3931	14	34	-20
3932	14	34	-20
3933	14	34	-20
3934	14	34	-20
3935	14	34	-20
3936	14	34	-20
3937	14	34	-20
3938	14	34	-20
3939	14	34	-20
3940	14	34	-20
3941	14	34	-20
3942	14	34	-20
3943	14	34	-20
3944	14	34	-20
3945	14	34	-20
3946	14	34	-20
3947	14	34	-20
3948	14	34	-20
3949	14	34	-20
3950	14	34	-20
3951	14	34	-20
3952	14	34	-20
3953	14	34	-20
3954	14	34	-20
3955	14	34	-20
3956	14	34	-20
3957	14	34	-20
3958	14	34	-20
3959	14	34	-20
3960	14	34	-20
3961	14	34	-20
3962	14	34	-20
3963	14	34	-20
3964	14	34	-20
3965	14	34	-20
3966	14	34	-20
3967	14	34	-20
3968	14	34	-20
3969	14	34	-20
3970	14	34	-20
3971	14	34	-20
3972	14	34	-20
3973	14	34	-20
3974	14	34	-20
3975	14	34	-20
3976	14	34	-20
3977	14	34	-20
3978	14	34	-20
3979	14	34	-20
3980	14	34	-20
3981	14	34	-20
3982	14	34	-20
3983	14	34	-20
3984	14	34	-20
3985	14	34	-20
3986	14	34	-20
3987	14	34	-20
3988	14	34	-20
3989	14	34	-20
3990	14	34	-20
3991	14	34	-20
3992	14	34	-20
3993	14	34	-20
3994	14	34	-20
3995	14	34	-20
3996	14	34	-20
3997	14	34	-20
3998	14	34	-20
3999	14	34	-20
4000	14	34	-20
4001	14	34	-20
4002	14	34	-20
4003	14	34	-20
4004	14	34	-20
4005	14	34	-20
4006	14	34	-20
4007	14	34	-20
4008	14	34	-20
4009	14	34	-20
4010	14	34	-20
4011	14	34	-20
4012	14	34	-20
4013	14	34	-20
4014	14	34	-20
4015	14	34	-20
4016	14	34	-20
4017	14	34	-20
4018	14	34	-20
4019	14	34	-20
4020	14	34	-20
4021	14	34	-20
4022	14	34	-20
4023	14	34	-20
4024	14	34	-20
4025	14	34	-20
4026	14	34	-20
4027	14	34	-20
4028	14	34	-20
4029	14	34	-20
4030	14	34	-20
4031	14	34	-20
4032	14	34	-20
4033	14	34	-20
4034	14	34	-20
4035	14	34	-20
4036	14	34	-20
4037	14	34	-20
4038	14	34	-20
4039	14	34	-20
4040	14	34	-20
4041	14	34	-20
4042	14	34	-20
4043	14	34	-20
4044	14	34	-20
4045	14	34	-20
4046	14	34	-20
4047	14	34	-20
4048	14	34	-20
4049	14	34	-20
4050	14	34	-20
4051	14	34	-20
4052	14	34	-20
4053	14	34	-20
4054	14	34	-20
4055	14	34	-20
4056	14	34	-20
4057	14	34	-20
4058	14	34	-20
4059	14	34	-20
4060	14	34	-20
4061	14	34	-20
4062	14	34	-20
4063	14	34	-20
4064	14	34	-20
4065	14	34	-20
4066	14	34	-20
4067	14	34	-20
4068	14	34	-20
4069	14	34	-20
4070	14	34	-20
4071	14	34	-20
4072	14	34	-20
4073	14	34	-20
4074	14	34	-20
4075	14	34	-20
4076	14	34	-20
4077	14	34	-20
4078	14	34	-20
4079	14	34	-20
4080	14	34	-20
4081	14	34	-20
4082	14	34	-20
4083	14	34	-20
4084	14	34	-20
4085	14	34	-20
4086	14	34	-20
4087	14	34	-20
4088	14	34	-20
4089	14	34	-20
4090	14	34	-20
4091	14	34	-20
4092	14	34	-20
4093	14	34	-20
4094	14	34	-20
4095	14	34	-20
4096	14	34	-20
4097	14	34	-20
4098	14	34	-20
4099	14	34	-20
4100	14	34	-20
4101	14	34	-20
4102	14	34	-20
4103	14	34	-20
4104	14	34	-20
4105	14	34	-20
4106	14	34	-20
4107	14	34	-20
4108	14	34	-20
4109	14	34	-20
4110	14	34	-20
4111	14	34	-20
4112	14	34	-20
4113	14	34	-20
4114	14	34	-20
4115	14	34	-20
4116	14	34	-20
4117	14	34	-20
4118	14	34	-20
4119	14	34	-20
4120	14	34	-20
4121	14	34	-20
4122	14	34	-20
4123	14	34	-20
4124	14	34	-20
4125	14	34	-20
4126	14	34	-20
4127	14	34	-20
4128	14	34	-20
4129	14	34	-20
4130	14	34	-20
4131	14	34	-20
4132	14	34	-20
4133	14	34	-20
4134	14	34	-20
4135	14	34	-20
4136	14	34	-20
4137	14	34	-20
4138	14	34	-20
4139	14	34	-20
4140	14	34	-20
4141	14	34	-20
4142	14	34	-20
4143	14	34	-20
4144	14	34	-20
4145	14	34	-20
4146	14	34	-20
4147	14	34	-20
4148	14	34	-20
4149	14	34	-20
4150	14	34	-20
4151	14	34	-20
4152	14	34	-20
4153	14	34	-20
4154	14	34	-20
4155	14	34	-20
4156	14	34	-20
4157	14	34	-20
4158	14	34	-20
4159	14	34	-20
4160	14	34	-20
4161	14	34	-20
4162	14	34	-20
4163	14	34	-20
4164	14	34	-20
4165	14	34	-20
4166	14	34	-20
4167	14	34	-20
4168	14	34	-20
4169	14	34	-20
4170	14	34	-20
4171	14	34	-20
4172	14	34	-20
4173	14	34	-20
4174	14	34	-20
4175	14	34	-20
4176	14	34	-20
4177	14	34	-20
4178	14	34	-20
4179	14	34	-20
4180	14	34	-20
4181	14	34	-20
4182	14	34	-20
4183	14	34	-20
4184	14	34	-20
4185	14	34	-20
4186	14	34	-20
4187	14	34	-20
4188	14	34	-20
4189	14	34	-20
4190	14	34	-20
4191	14	34	-20
4192	14	34	-20
4193	14	34	-20
4194	14	34	-20
4195	14	34	-20
4196	14	34	-20
4197	14	34	-20
4198	14	34	-20
4199	14	34	-20
4200	14	34	-20
4201	14	34	-20
4202	14	34	-20
4203	14	34	-20
4204	14	34	-20
4205	14	34	-20
4206	14	34	-20
4207	14	34	-20
4208	14	34	-20
4209	14	34	-20
4210	14	34	-20
4211	14	34	-20
4212	14	34	-20
4213	14	34	-20
4214	14	34	-20
4215	14	34	-20
4216	14	34	-20
4217	14	34	-20
4218	14	34	-20
4219	14	34	-20
4220	14	34	-20
4221	14	34	-20
4222	14	34	-20
4223	14	34	-20
4224	14	34	-20
4225	14	34	-20
4226	14	34	-20
4227	14	34	-20
4228	14	34	-20
4229	14	34	-20
4230	14	34	-20
4231	14	34	-20
4232	14	34	-20
4233	14	34	-20
4234	14	34	-20
4235	14	34	-20
4236	14	34	-20
4237	14	34	-20
4238	14	34	-20
4239	14	34	-20
4240	14	34	-20
4241	14	34	-20
4242	14	34	-20
4243	14	34	-20
4244	14	34	-20
4245	14	34	-20
4246	14	34	-20
4247	14	34	-20
4248	14	34	-20
4249	14	34	-20
4250	14	34	-20
4251	14	34	-20
4252	14	34	-20
4253	14	34	-20
4254	14	34	-20
4255	14	34	-20
4256	14	34	-20
4257	14	34	-20
4258	14	34	-20
4259	14	34	-20
4260	14	34	-20
4261	14	34	-20
4262	14	34	-20
4263	14	34	-20
4264	14	34	-20
4265	14	34	-20
4266	14	34	-20
4267	14	34	-20
4268	14	34	-20
4269	14	34	-20
4270	14	34	-20
4271	14	34	-20
4272	14	34	-20
4273	14	34	-20
4274	14	34	-20
4275	14	34	-20
4276	14	34	-20
4277	14	34	-20
4278	14	34	-20
4279	14	34	-20
4280	14	34	-20
4281	14	34	-20
4282	14	34	-20
4283	14	34	-20
4284	14	34	-20
4285	14	34	-20
4286	14	34	-20
4287	14	34	-20
4288	14	34	-20
4289	14	34	-20
4290	14	34	-20
4291	14	34	-20
4292	14	34	-20
4293	14	34	-20
4294	14	34	-20
4295	14	34	-20
4296	14	34	-20
4297	14	34	-20
4298	14	34	-20
4299	14	34	-20
4300	14	34	-20
4301	14	34	-20
4302	14	34	-20
4303	14	34	-20
4304	14	34	-20
4305	14	34	-20
4306	14	34	-20
4307	14	34	-20
4308	14	34	-20
4309	14	34	-20
4310	14	34	-20
4311	14	34	-20
4312	14	34	-20
4313	14	34	-20
4314	14	34	-20
4315	14	34	-20
4316	14	34	-20
4317	14	34	-20
4318	14	34	-20
4319	14	34	-20
4320	14	34	-20
4321	14	34	-20
4322	14	34	-20
4323	14	34	-20
4324	14	34	-20
4325	14	34	-20
4326	14	34	-20
4327	14	34	-20
4328	14	34	-20
4329	14	34	-20
4330	14	34	-20
4331	14	34	-20
4332	14	34	-20
4333	14	34	-20
4334	14	34	-20
4335	14	34	-20
4336	14	34	-20
4337	14	34	-20
4338	14	34	-20
4339	14	34	-20
4340	14	34	-20
4341	14	34	-20
4342	14	34	-20
4343	14	34	-20
4344	14	34	-20
4345	14	34	-20
4346	14	34	-20
4347	14	34	-20
4348	14	34	-20
4349	14	34	-20
4350	14	34	-20
4351	14	34	-20
4352	14	34	-20
4353	14	34	-20
4354	14	34	-20
4355	14	34	-20
4356	14	34	-20
4357	14	34	-20
4358	14	34	-20
4359	14	34	-20
4360	14	34	-20
4361	14	34	-20
4362	14	34	-20
4363	14	34	-20
4364	14	34	-20
4365	14	34	-20
4366	14	34	-20
4367	14	34	-20
4368	14	34	-20
4369	14	34	-20
4370	14	34	-20
4371	14	34	-20
4372	14	34	-20
4373	14	34	-20
4374	14	34	-20
4375	14	34	-20
4376	14	34	-20
4377	14	34	-20
4378	14	34	-20
4379	14	34	-20
4380	14	34	-20
4381	14	34	-20
4382	14	34	-20
4383	14	34	-20
4384	14	34	-20
4385	14	34	-20
4386	14	34	-20
4387	14	34	-20
4388	14	34	-20
4389	14	34	-20
4390	14	34	-20
4391	14	34	-20
4392	14	34	-20
4393	14	34	-20
4394	14	34	-20
4395	14	34	-20
4396	14	34	-20
4397	14	34	-20
4398	14	34	-20
4399	14	34	-20
4400	14	34	-20
4401	14	34	-20
4402	14	34	-20
4403	14	34	-20
4404	14	34	-20
4405	14	34	-20
4406	14	34	-20
4407	14	34	-20
4408	14	34	-20
4409	14	34	-20
4410	14	34	-20
4411	14	34	-20
4412	14	34	-20
4413	14	34	-20
4414	14	34	-20
4415	14	34	-20
4416	14	34	-20
4417	14	34	-20
4418	14	34	-20
4419	14	34	-20
4420	14	34	-20
4421	14	34	-20
4422	14	34	-20
4423	14	34	-20
4424	14	34	-20
4425	14	34	-20
4426	14	34	-20
4427	14	34	-20
4428	14	34	-20
4429	14	34	-20
4430	14	34	-20
4431	14	34	-20
4432	14	34	-20
4433	14	34	-20
4434	14	34	-20
4435	14	34	-20
4436	14	34	-20
4437	14	34	-20
4438	14	34	-20
4439	14	34	-20
4440	14	34	-20
4441	14	34	-20
4442	14	34	-20
4443	14	34	-20
4444	14	34	-20
4445	14	34	-20
4446	14	34	-20
4447	14	34	-20
4448	14	34	-20
4449	14	34	-20
4450	14	34	-20
4451	14	34	-20
4452	14	34	-20
4453	14	34	-20
4454	14	34	-20
4455	14	34	-20
4456	14	34	-20
4457	14	34	-20
4458	14	34	-20
4459	14	34	-20
4460	14	34	-20
4461	14	34	-20
4462	14	34	-20
4463	14	34	-20
4464	14	34	-20
4465	14	34	-20
4466	14	34	-20
4467	14	34	-20
4468	14	34	-20
4469	14	34	-20
4470	14	34	-20
4471	14	34	-20
4472	14	34	-20
4473	14	34	-20
4474	14	34	-20
4475	14	34	-20
4476	14	34	-20
4477	14	34	-20
4478	14	34	-20
4479	14	34	-20
4480	14	34	-20
4481	14	34	-20
4482	14	34	-20
4483	14	34	-20
4484	14	34	-20
4485	14	34	-20
4486	14	34	-20
4487	14	34	-20
4488	14	34	-20
4489	14	34	-20
4490	14	34	-20
4491	14	34	-20
4492	14	34	-20
4493	14	34	-20
4494	14	34	-20
4495	14	34	-20
4496	14	34	-20
4497	14	34	-20
4498	14	34	-20
4499	14	34	-20
4500	14	34	-20
4501	14	34	-20
4502	14	34	-20
4503	14	34	-20
4504	14	34	-20
4505	14	34	-20
4506	14	34	-20
4507	14	34	-20
4508	14	34	-20
4509	14	34	-20
4510	14	34	-20
4511	14	34	-20
4512	14	34	-20
4513	14	34	-20
4514	14	34	-20
4515	14	34	-20
4516	14	34	-20
4517	14	34	-20
4518	14	34	-20
4519	14	34	-20
4520	14	34	-20
4521	14	34	-20
4522	14	34	-20
4523	14	34	-20
4524	14	34	-20
4525	14	34	-20
4526	14	34	-20
4527	14	34	-20
4528	14	34	-20
4529	14	34	-20
4530	14	34	-20
4531	14	34	-20
4532	14	34	-20
4533	14	34	-20
4534	14	34	-20
4535	14	34	-20
4536	14	34	-20
4537	14	34	-20
4538	14	34	-20
4539	14	34	-20
4540	14	34	-20
4541	14	34	-20
4542	14	34	-20
4543	14	34	-20
4544	14	34	-20
4545	14	34	-20
4546	14	34	-20
4547	14	34	-20
4548	14	34	-20
4549	14	34	-20
4550	14	34	-20
4551	14	34	-20
4552	14	34	-20
4553	14	34	-20
4554	14	34	-20
4555	14	34	-20
4556	14	34	-20
4557	14	34	-20
4558	14	34	-20
4559	14	34	-20
4560	14	34	-20
4561	14	34	-20
4562	14	34	-20
4563	14	34	-20
4564	14	34	-20
4565	14	34	-20
4566	14	34	-20
4567	14	34	-20
4568	14	34	-20
4569	14	34	-20
4570	14	34	-20
4571	14	34	-20
4572	14	34	-20
4573	14	34	-20
4574	14	34	-20
4575	14	34	-20
4576	14	34	-20
4577	14	34	-20
4578	14	34	-20
4579	14	34	-20
4580	14	34	-20
4581	14	34	-20
4582	14	34	-20
4583	14	34	-20
4584	14	34	-20
4585	14	34	-20
4586	14	34	-20
4587	14	34	-20
4588	14	34	-20
4589	14	34	-20
4590	14	34	-20
4591	14	34	-20
4592	14	34	-20
4593	14	34	-20
4594	14	34	-20
4595	14	34	-20
4596	14	34	-20
4597	14	34	-20
4598	14	34	-20
4599	14	34	-20
4600	14	34	-20
4601	14	34	-20
4602	14	34	-20
4603	14	34	-20
4604	14	34	-20
4605	14	34	-20
4606	14	34	-20
4607	14	34	-20
4608	14	34	-20
4609	14	34	-20
4610	14	34	-20
4611	14	34	-20
4612	14	34	-20
4613	14	34	-20
4614	14	34	-20
4615	14	34	-20
4616	14	34	-20
4617	14	34	-20
4618	14	34	-20
4619	14	34	-20
4620	14	34	-20
4621	14	34	-20
4622	14	34	-20
4623	14	34	-20
4624	14	34	-20
4625	14	34	-20
4626	14	34	-20
4627	14	34	-20
4628	14	34	-20
4629	14	34	-20
4630	14	34	-20
4631	14	34	-20
4632	14	34	-20
4633	14	34	-20
4634	14	34	-20
4635	14	34	-20
4636	14	34	-20
4637	14	34	-20
4638	14	34	-20
4639	14	34	-20
4640	14	34	-20
4641	14	34	-20
4642	14	34	-20
4643	14	34	-20
4644	14	34	-20
4645	14	34	-20
4646	14	34	-20
4647	14	34	-20
4648	14	34	-20
4649	14	34	-20
4650	14	34	-20
4651	14	34	-20
4652	14	34	-20
4653	14	34	-20
4654	14	34	-20
4655	14	34	-20
4656	14	34	-20
4657	14	34	-20
4658	14	34	-20
4659	14	34	-20
4660	14	34	-20
4661	14	34	-20
4662	14	34	-20
4663	14	34	-20
4664	14	34	-20
4665	14	34	-20
4666	14	34	-20
4667	14	34	-20
4668	14	34	-20
4669	14	34	-20
4670	14	34	-20
4671	14	34	-20
4672	14	34	-20
4673	14	34	-20
4674	14	34	-20
4675	14	34	-20
4676	14	34	-20
4677	14	34	-20
4678	14	34	-20
4679	14	34	-20
4680	14	34	-20
4681	14	34	-20
4682	14	34	-20
4683	14	34	-20
4684	14	34	-20
4685	14	34	-20
4686	14	34	-20
4687	14	34	-20
4688	14	34	-20
4689	14	34	-20
4690	14	34	-20
4691	14	34	-20
4692	14	34	-20
4693	14	34	-20
4694	14	34	-20
4695	14	34	-20
4696	14	34	-20
4697	14	34	-20
4698	14	34	-20
4699	14	34	-20
4700	14	34	-20
4701	14	34	-20
4702	14	34	-20
4703	14	34	-20
4704	14	34	-20
4705	14	34	-20
4706	14	34	-20
4707	14	34	-20
4708	14	34	-20
4709	14	34	-20
4710	14	34	-20
4711	14	34	-20
4712	14	34	-20
4713	14	34	-20
4714	14	34	-20
4715	14	34	-20
4716	14	34	-20
4717	14	34	-20
4718	14	34	-20
4719	14	34	-20
4720	14	34	-20
4721	14	34	-20
4722	14	34	-20
4723	14	34	-20
4724	14	34	-20
4725	14	34	-20
4726	14	34	-20
4727	14	34	-20
4728	14	34	-20
4729	14	34	-20
4730	14	34	-20
4731	14	34	-20
4732	14	34	-20
4733	14	34	-20
4734	14	34	-20
4735	14	34	-20
4736	14	34	-20
4737	14	34	-20
4738	14	34	-20
4739	14	34	-20
4740	14	34	-20
4741	14	34	-20
4742	14	34	-20
4743	14	34	-20
4744	14	34	-20
4745	14	34	-20
4746	14	34	-20
4747	14	34	-20
4748	14	34	-20
4749	14	34	-20
4750	14	34	-20
4751	14	34	-20
4752	14	34	-20
4753	14	34	-20
4754	14	34	-20
4755	14	34	-20
4756	14	34	-20
4757	14	34	-20
4758	14	34	-20
4759	14	34	-20
4760	14	34	-20
4761	14	34	-20
4762	14	34	-20
4763	14	34	-20
4764	14	34	-20
4765	14	34	-20
4766	14	34	-20
4767	14	34	-20
4768	14	34	-20
4769	14	34	-20
4770	14	34	-20
4771	14	34	-20
4772	14	34	-20
4773	14	34	-20
4774	14	34	-20
4775	14	34	-20
4776	14	34	-20
4777	14	34	-20
4778	14	34	-20
4779	14	34	-20
4780	14	34	-20
4781	14	34	-20
4782	14	34	-20
4783	14	34	-20
4784	14	34	-20
4785	14	34	-20
4786	14	34	-20
4787	14	34	-20
4788	14	34	-20
4789	14	34	-20
4790	14	34	-20
4791	14	34	-20
4792	14	34	-20
4793	14	34	-20
4794	14	34	-20
4795	14	34	-20
4796	14	34	-20
4797	14	34	-20
4798	14	34	-20
4799	14	34	-20
4800	14	34	-20
4801	14	34	-20
4802	14	34	-20
4803	14	34	-20
4804	14	34	-20
4805	14	34	-20
4806	14	34	-20
4807	14	34	-20
4808	14	34	-20
4809	14	34	-20
4810	14	34	-20
4811	14	34	-20
4812	14	34	-20
4813	14	34	-20
4814	14	34	-20
4815	14	34	-20
4816	14	34	-20
4817	14	34	-20
4818	14	34	-20
4819	14	34	-20
4820	14	34	-20
4821	14	34	-20
4822	14	34	-20
4823	14	34	-20
4824	14	34	-20
4825	14	34	-20
4826	14	34	-20
4827	14	34	-20
4828	14	34	-20
4829	14	34	-20
4830	14	34	-20
4831	14	34	-20
4832	14	34	-20
4833	14	34	-20
4834	14	34	-20
4835	14	34	-20
4836	14	34	-20
4837	14	34	-20
4838	14	34	-20
4839	14	34	-20
4840	14	34	-20
4841	14	34	-20
4842	14	34	-20
4843	14	34	-20
4844	14	34	-20
4845	14	34	-20
4846	14	34	-20
4847	14	34	-20
4848	14	34	-20
4849	14	34	-20
4850	14	34	-20
4851	14	34	-20
4852	14	34	-20
4853	14	34	-20
4854	14	34	-20
4855	14	34	-20
4856	14	34	-20
4857	14	34	-20
4858	14	34	-20
4859	14	34	-20
4860	14	34	-20
4861	14	34	-20
4862	14	34	-20
4863	14	34	-20
4864	14	34	-20
4865	14	34	-20
4866	14	34	-20
4867	14	34	-20
4868	14	34	-20
4869	14	34	-20
4870	14	34	-20
4871	14	34	-20
4872	14	34	-20
4873	14	34	-20
4874	14	34	-20
4875	14	34	-20
4876	14	34	-20
4877	14	34	-20
4878	14	34	-20
4879	14	34	-20
4880	14	34	-20
4881	14	34	-20
4882	14	34	-20
4883	14	34	-20
4884	14	34	-20
4885	14	34	-20
4886	14	34	-20
4887	14	34	-20
4888	14	34	-20
4889	14	34	-20
4890	14	34	-20
4891	14	34	-20
4892	14	34	-20
4893	14	34	-20
4894	14	34	-20
4895	14	34	-20
4896	14	34	-20
4897	14	34	-20
4898	14	34	-20
4899	14	34	-20
4900	14	34	-20
4901	14	34	-20
4902	14	34	-20
4903	14	34	-20
4904	14	34	-20
4905	14	34	-20
4906	14	34	-20
4907	14	34	-20
4908	14	34	-20
4909	14	34	-20
4910	14	34	-20
4911	14	34	-20
4912	14	34	-20
4913	14	34	-20
4914	14	34	-20
4915	14	34	-20
4916	14	34	-20
4917	14	34	-20
4918	14	34	-20
4919	14	34	-20
4920	14	34	-20
4921	14	34	-20
4922	14	34	-20
4923	14	34	-20
4924	14	34	-20
4925	14	34	-20
4926	14	34	-20
4927	14	34	-20
4928	14	34	-20
4929	14	34	-20
4930	14	34	-20
4931	14	34	-20
4932	14	34	-20
4933	14	34	-20
4934	14	34	-20
4935	14	34	-20
4936	14	34	-20
4937	14	34	-20
4938	14	34	-20
4939	14	34	-20
4940	14	34	-20
4941	14	34	-20
4942	14	34	-20
4943	14	34	-20
4944	14	34	-20
4945	14	34	-20
4946	14	34	-20
4947	14	34	-20
4948	14	34	-20
4949	14	34	-20
4950	14	34	-20
4951	14	34	-20
4952	14	34	-20
4953	14	34	-20
4954	14	34	-20
4955	14	34	-20
4956	14	34	-20
4957	14	34	-20
4958	14	34	-20
4959	14	34	-20
4960	14	34	-20
4961	14	34	-20
4962	14	34	-20
4963	14	34	-20
4964	14	34	-20
4965	14	34	-20
4966	14	34	-20
4967	14	34	-20
4968	14	34	-20
4969	14	34	-20
4970	14	34	-20
4971	14	34	-20
4972	14	34	-20
4973	14	34	-20
4974	14	34	-20
4975	14	34	-20
4976	14	34	-20
4977	14	34	-20
4978	14	34	-20
4979	14	34	-20
4980	14	34	-20
4981	14	34	-20
4982	14	34	-20
4983	14	34	-20
4984	14	34	-20
4985	14	34	-20
4986	14	34	-20
4987	14	34	-20
4988	14	34	-20
4989	14	34	-20
4990	14	34	-20
4991	14	34	-20
4992	14	34	-20
4993	14	34	-20
4994	14	34	-20
4995	14	34	-20
4996	14	34	-20
4997	14	34	-20
4998	14	34	-20
4999	14	34	-20
5000	14	34	-20
5001	14	34	-20
5002	14	34	-20
5003	14	34	-20
5004	14	34	-20
5005	14	34	-20
5006	14	34	-20
5007	14	34	-20
5008	14	34	-20
5009	14	34	-20
5010	14	34	-20
5011	14	34	-20
5012	14	34	-20
5013	14	34	-20
5014	14	34	-20
5015	14	34	-20
5016	14	34	-20
5017	14	34	-20
5018	14	34	-20
5019	14	34	-20
5020	14	34	-20
5021	14	34	-20
5022	14	34	-20
5023	14	34	-20
5024	14	34	-20
5025	14	34	-20
5026	14	34	-20
5027	14	34	-20
5028	14	34	-20
5029	14	34	-20
5030	14	34	-20
5031	14	34	-20
5032	14	34	-20
5033	14	34	-20
5034	14	34	-20
5035	14	34	-20
5036	14	34	-20
5037	14	34	-20
5038	14	34	-20
5039	14	34	-20
5040	14	34	-20
5041	14	34	-20
5042	14	34	-20
5043	14	34	-20
5044	14	34	-20
5045	14	34	-20
5046	14	34	-20
5047	14	34	-20
5048	14	34	-20
5049	14	34	-20
5050	14	34	-20
5051	14	34	-20
5052	14	34	-20
5053	14	34	-20
5054	14	34	-20
5055	14	34	-20
5056	14	34	-20
5057	14	34	-20
5058	14	34	-20
5059	14	34	-20
5060	14	34	-20
5061	14	34	-20
5062	14	34	-20
5063	14	34	-20
5064	14	34	-20
5065	14	34	-20
5066	14	34	-20
5067	14	34	-20
5068	14	34	-20
5069	14	34	-20
5070	14	34	-20
5071	14	34	-20
5072	14	34	-20
5073	14	34	-20
5074	14	34	-20
5075	14	34	-20
5076	14	34	-20
5077	14	34	-20
5078	14	34	-20
5079	14	34	-20
5080	14	34	-20
5081	14	34	-20
5082	14	34	-20
5083	14	34	-20
5084	14	34	-20
5085	14	34	-20
5086	14	34	-20
5087	14	34	-20
5088	14	34	-20
5089	14	34	-20
5090	14	34	-20
5091	14	34	-20
5092	14	34	-20
5093	14	34	-20
5094	14	34	-20
5095	14	34	-20
5096	14	34	-20
5097	14	34	-20
5098	14	34	-20
5099	14	34	-20
5100	14	34	-20
5101	14	34	-20
5102	14	34	-20
5103	14	34	-20
5104	14	34	-20
5105	14	34	-20
5106	14	34	-20
5107	14	34	-20
5108	14	34	-20
5109	14	34	-20
5110	14	34	-20
5111	14	34	-20
5112	14	34	-20
5113	14	34	-20
5114	14	34	-20
5115	14	34	-20
5116	14	34	-20
5117	14	34	-20
5118	14	34	-20
5119	14	34	-20
5120	14	34	-20
5121	14	34	-20
5122	14	34	-20
5123	14	34	-20
5124	14	34	-20
5125	14	34	-20
5126	14	34	-20
5127	14	34	-20
5128	14	34	-20
5129	14	34	-20
5130	14	34	-20
5131	14	34	-20
5132	14	34	-20
5133	14	34	-20
5134	14	34	-20
5135	14	34	-20
5136	14	34	-20
5137	14	34	-20
5138	14	34	-20
5139	14	34	-20
5140	14	34	-20
5141	14	34	-20
5142	14	34	-20
5143	14	34	-20
5144	14	34	-20
5145	14	34	-20
5146	14	34	-20
5147	14	34	-20
5148	14	34	-20
5149	14	34	-20
5150	14	34	-20
5151	14	34	-20
5152	14	34	-20
5153	14	34	-20
5154	14	34	-20
5155	14	34	-20
5156	14	34	-20
5157	14	34	-20
5158	14	34	-20
5159	14	34	-20
5160	14	34	-20
5161	14	34	-20
5162	14	34	-20
5163	14	34	-20
5164	14	34	-20
5165	14	34	-20
5166	14	34	-20
5167	14	34	-20
5168	14	34	-20
5169	14	34	-20
5170	14	34	-20
5171	14	34	-20
5172	14	34	-20
5173	14	34	-20
5174	14	34	-20
5175	14	34	-20
5176	14	34	-20
5177	14	34	-20
5178	14	34	-20
5179	14	34	-20
5180	14	34	-20
5181	14	34	-20
5182	14	34	-20
5183	14	34	-20
5184	14	34	-20
5185	14	34	-20
5186	14	34	-20
5187	14	34	-20
5188	14	34	-20
5189	14	34	-20
5190	14	34	-20
5191	14	34	-20
5192	14	34	-20
5193	14	34	-20
5194	14	34	-20
5195	14	34	-20
5196	14	34	-20
5197	14	34	-20
5198	14	34	-20
5199	14	34	-20
5200	14	34	-20
5201	14	34	-20
5202	14	34	-20
5203	14	34	-20
5204	14	34	-20
5205	14	34	-20
5206	14	34	-20
5207	14	34	-20
5208	14	34	-20
5209	14	34	-20
5210	14	34	-20
5211	14	34	-20
5212	14	34	-20
5213	14	34	-20
5214	14	34	-20
5215	14	34	-20
5216	14	34	-20
5217	14	34	-20
5218	14	34	-20
5219	14	34	-20
5220	14	34	-20
5221	14	34	-20
5222	14	34	-20
5223	14	34	-20
5224	14	34	-20
5225	14	34	-20
5226	14	34	-20
5227	14	34	-20
5228	14	34	-20
5229	14	34	-20
5230	14	34	-20
5231	14	34	-20
5232	14	34	-20
5233	14	34	-20
5234	14	34	-20
5235	14	34	-20
5236	14	34	-20
5237	14	34	-20
5238	14	34	-20
5239	14	34	-20
5240	14	34	-20
5241	14	34	-20
5242	14	34	-20
5243	14	34	-20
5244	14	34	-20
5245	14	34	-20
5246	14	34	-20
5247	14	34	-20
5248	14	34	-20
5249	14	34	-20
5250	14	34	-20
5251	14	34	-20
5252	14	34	-20
5253	14	34	-20
5254	14	34	-20
5255	14	34	-20
5256	14	34	-20
5257	14	34	-20
5258	14	34	-20
5259	14	34	-20
5260	14	34	-20
5261	14	34	-20
5262	14	34	-20
5263	14	34	-20
5264	14	34	-20
5265	14	34	-20
5266	14	34	-20
5267	14	34	-20
5268	14	34	-20
5269	14	34	-20
5270	14	34	-20
5271	14	34	-20
5272	14	34	-20
5273	14	34	-20
5274	14	34	-20
5275	14	34	-20
5276	14	34	-20
5277	14	34	-20
5278	14	34	-20
5279	14	34	-20
5280	14	34	-20
5281	14	34	-20
5282	14	34	-20
5283	14	34	-20
5284	14	34	-20
5285	14	34	-20
5286	14	34	-20
5287	14	34	-20
5288	14	34	-20
5289	14	34	-20
5290	14	34	-20
5291	14	34	-20
5292	14	34	-20
5293	14	34	-20
5294	14	34	-20
5295	14	34	-20
5296	14	34	-20
5297	14	34	-20
5298	14	34	-20
5299	14	34	-20
5300	14	34	-20
5301	14	34	-20
5302	14	34	-20
5303	14	34	-20
5304	14	34	-20
5305	14	34	-20
5306	14	34	-20
5307	14	34	-20
5308	14	34	-20
5309	14	34	-20
5310	14	34	-20
5311	14	34	-20
5312	14	34	-20
5313	14	34	-20
5314	14	34	-20
5315	14	34	-20
5316	14	34	-20
5317	14	34	-20
5318	14	34	-20
5319	14	34	-20
5320	14	34	-20
5321	14	34	-20
5322	14	34	-20
5323	14	34	-20
5324	14	34	-20
5325	14	34	-20
5326	14	34	-20
5327	14	34	-20
5328	14	34	-20
5329	14	34	-20
5330	14	34	-20
5331	14	34	-20
5332	14	34	-20
5333	14	34	-20
5334	14	34	-20
5335	14	34	-20
5336	14	34	-20
5337	14	34	-20
5338	14	34	-20
5339	14	34	-20
5340	14	34	-20
5341	14	34	-20
5342	14	34	-20
5343	14	34	-20
5344	14	34	-20
5345	14	34	-20
5346	14	34	-20
5347	14	34	-20
5348	14	34	-20
5349	14	34	-20
5350	14	34	-20
5351	14	34	-20
5352	14	34	-20
5353	14	34	-20
5354	14	34	-20
5355	14	34	-20
5356	14	34	-20
5357	14	34	-20
5358	14	34	-20
5359	14	34	-20
5360	14	34	-20
5361	14	34	-20
5362	14	34	-20
5363	14	34	-20
5364	14	34	-20
5365	14	34	-20
5366	14	34	-20
5367	14	34	-20
5368	14	34	-20
5369	14	34	-20
5370	14	34	-20
5371	14	34	-20
5372	14	34	-20
5373	14	34	-20
5374	14	34	-20
5375	14	34	-20
5376	14	34	-20
5377	14	34	-20
5378	14	34	-20
5379	14	34	-20
5380	14	34	-20
5381	14	34	-20
5382	14	34	-20
5383	14	34	-20
5384	14	34	-20
5385	14	34	-20
5386	14	34	-20
5387	14	34	-20
5388	14	34	-20
5389	14	34	-20
5390	14	34	-20
5391	14	34	-20
5392	14	34	-20
5393	14	34	-20
5394	14	34	-20
5395	14	34	-20
5396	14	34	-20
5397	14	34	-20
5398	14	34	-20
5399	14	34	-20
5400	14	34	-20
5401	14	34	-20
5402	14	34	-20
5403	14	34	-20
5404	14	34	-20
5405	14	34	-20
5406	14	34	-20
5407	14	34	-20
5408	14	34	-20
5409	14	34	-20
5410	14	34	-20
5411	14	34	-20
5412	14	34	-20
5413	14	34	-20
5414	14	34	-20
5415	14	34	-20
5416	14	34	-20
5417	14	34	-20
5418	14	34	-20
5419	14	34	-20
5420	14	34	-20
5421	14	34	-20
5422	14	34	-20
5423	14	34	-20
5424	14	34	-20
5425	14	34	-20
5426	14	34	-20
5427	14	34	-20
5428	14	34	-20
5429	14	34	-20
5430	14	34	-20
5431	14	34	-20
5432	14	34	-20
5433	14	34	-20
5434	14	34	-20
5435	14	34	-20
5436	14	34	-20
5437	14	34	-20
5438	14	34	-20
5439	14	34	-20
5440	14	34	-20
5441	14	34	-20
5442	14	34	-20
5443	14	34	-20
5444	14	34	-20
5445	14	34	-20
5446	14	34	-20
5447	14	34	-20
5448	14	34	-20
5449	14	34	-20
5450	14	34	-20
5451	14	34	-20
5452	14	34	-20
5453	14	34	-20
5454	14	34	-20
5455	14	34	-20
5456	14	34	-20
5457	14	34	-20
5458	14	34	-20
5459	14	34	-20
5460	14	34	-20
5461	14	34	-20
5462	14	34	-20
5463	14	34	-20
5464	14	34	-20
5465	14	34	-20
5466	14	34	-20
5467	14	34	-20
5468	14	34	-20
5469	14	34	-20
5470	14	34	-20
5471	14	34	-20
5472	14	34	-20
5473	14	34	-20
5474	14	34	-20
5475	14	34	-20
5476	14	34	-20
5477	14	34	-20
5478	14	34	-20
5479	14	34	-20
5480	14	34	-20
5481	14	34	-20
5482	14	34	-20
5483	14	34	-20
5484	14	34	-20
5485	14	34	-20
5486	14	34	-20
5487	14	34	-20
5488	14	34	-20
5489	14	34	-20
5490	14	34	-20
5491	14	34	-20
5492	14	34	-20
5493	14	34	-20
5494	14	34	-20
5495	14	34	-20
5496	14	34	-20
5497	14	34	-20
5498	14	34	-20
5499	14	34	-20
5500	14	34	-20
5501	14	34	-20
5502	14	34	-20
5503	14	34	-20
5504	14	34	-20
5505	14	34	-20
5506	14	34	-20
5507	14	34	-20
5508	14	34	-20
5509	14	34	-20
5510	14	34	-20
5511	14	34	-20
5512	14	34	-20
5513	14	34	-20
5514	14	34	-20
5515	14	34	-20
5516	14	34	-20
5517	14	34	-20
5518	14	34	-20
5519	14	34	-20
5520	14	34	-20
5521	14	34	-20
5522	14	34	-20
5523	14	34	-20
5524	14	34	-20
5525	14	34	-20
5526	14	34	-20
5527	14	34	-20
5528	14	34	-20
5529	14	34	-20
5530	14	34	-20
5531	14	34	-20
5532	14	34	-20
5533	14	34	-20
5534	14	34	-20
5535	14	34	-20
5536	14	34	-20
5537	14	34	-20
5538	14	34	-20
5539	14	34	-20
5540	14	34	-20
5541	14	34	-20
5542	14	34	-20
5543	14	34	-20
5544	14	34	-20
5545	14	34	-20
5546	14	34	-20
5547	14	34	-20
5548	14	34	-20
5549	14	34	-20
5550	14	34	-20
5551	14	34	-20
5552	14	34	-20
5553	14	34	-20
5554	14	34	-20
5555	14	34	-20
5556	14	34	-20
5557	14	34	-20
5558	14	34	-20
5559	14	34	-20
5560	14	34	-20
5561	14	34	-20
5562	14	34	-20
5563	14	34	-20
5564	14	34	-20
5565	14	34	-20
5566	14	34	-20
5567	14	34	-20
5568	14	34	-20
5569	14	34	-20
5570	14	34	-20
5571	14	34	-20
5572	14	34	-20
5573	14	34	-20
5574	14	34	-20
5575	14	34	-20
5576	14	34	-20
5577	14	34	-20
5578	14	34	-20
5579	14	34	-20
5580	14	34	-20
5581	14	34	-20
5582	14	34	-20
5583	14	34	-20
5584	14	34	-20
5585	14	34	-20
5586	14	34	-20
5587	14	34	-20
5588	14	34	-20
5589	14	34	-20
5590	14	34	-20
5591	14	34	-20
5592	14	34	-20
5593	14	34	-20
5594	14	34	-20
5595	14	34	-20
5596	14	34	-20
5597	14	34	-20
5598	14	34	-20
5599	14	34	-20
5600	14	34	-20
5601	14	34	-20
5602	14	34	-20
5603	14	34	-20
5604	14	34	-20
5605	14	34	-20
5606	14	34	-20
5607	14	34	-20
5608	14	34	-20
5609	14	34	-20
5610	14	34	-20
5611	14	34	-20
5612	14	34	-20
5613	14	34	-20
5614	14	34	-20
5615	14	34	-20
5616	14	34	-20
5617	14	34	-20
5618	14	34	-20
5619	14	34	-20
5620	14	34	-20
5621	14	34	-20
5622	14	34	-20
5623	14	34	-20
5624	14	34	-20
5625	14	34	-20
5626	14	34	-20
5627	14	34	-20
5628	14	34	-20
5629	14	34	-20
5630	14	34	-20
5631	14	34	-20
5632	14	34	-20
5633	14	34	-20
5634	14	34	-20
5635	14	34	-20
5636	14	34	-20
5637	14	34	-20
5638	14	34	-20
5639	14	34	-20
5640	14	34	-20
5641	14	34	-20
5642	14	34	-20
5643	14	34	-20
5644	14	34	-20
5645	14	34	-20
5646	14	34	-20
5647	14	34	-20
5648	14	34	-20
5649	14	34	-20
5650	14	34	-20
5651	14	34	-20
5652	14	34	-20
5653	14	34	-20
5654	14	34	-20
5655	14	34	-20
5656	14	34	-20
5657	14	34	-20
5658	14	34	-20
5659	14	34	-20
5660	14	34	-20
5661	14	34	-20
5662	14	34	-20
5663	14	34	-20
5664	14	34	-20
5665	14	34	-20
5666	14	34	-20
5667	14	34	-20
5668	14	34	-20
5669	14	34	-20
5670	14	34	-20
5671	14	34	-20
5672	14	34	-20
5673	14	34	-20
5674	14	34	-20
5675	14	34	-20
5676	14	34	-20
5677	14	34	-20
5678	14	34	-20
5679	14	34	-20
5680	14	34	-20
5681	14	34	-20
5682	14	34	-20
5683	14	34	-20
5684	14	34	-20
5685	14	34	-20
5686	14	34	-20
5687	14	34	-20
5688	14	34	-20
5689	14	34	-20
5690	14	34	-20
5691	14	34	-20
5692	14	34	-20
5693	14	34	-20
5694	14	34	-20
5695	14	34	-20
5696	14	34	-20
5697	14	34	-20
5698	14	34	-20
5699	14	34	-20
5700	14	34	-20
5701	14	34	-20
5702	14	34	-20
5703	14	34	-20
5704	14	34	-20
5705	14	34	-20
5706	14	34	-20
5707	14	34	-20
5708	14	34	-20
5709	14	34	-20
5710	14	34	-20
5711	14	34	-20
5712	14	34	-20
5713	14	34	-20
5714	14	34	-20
5715	14	34	-20
5716	14	34	-20
5717	14	34	-20
5718	14	34	-20
5719	14	34	-20
5720	14	34	-20
5721	14	34	-20
5722	14	34	-20
5723	14	34	-20
5724	14	34	-20
5725	14	34	-20
5726	14	34	-20
5727	14	34	-20
5728	14	34	-20
5729	14	34	-20
5730	14	34	-20
5731	14	34	-20
5732	14	34	-20
5733	14	34	-20
5734	14	34	-20
5735	14	34	-20
5736	14	34	-20
5737	14	34	-20
5738	14	34	-20
5739	14	34	-20
5740	14	34	-20
5741	14	34	-20
5742	14	34	-20
5743	14	34	-20
5744	14	34	-20
5745	14	34	-20
5746	14	34	-20
5747	14	34	-20
5748	14	34	-20
5749	14	34	-20
5750	14	34	-20
5751	14	34	-20
5752	14	34	-20
5753	14	34	-20
5754	14	34	-20
5755	14	34	-20
5756	14	34	-20
5757	14	34	-20
5758	14	34	-20
5759	14	34	-20
5760	14	34	-20
5761	14	34	-20
5762	14	34	-20
5763	14	34	-20
5764	14	34	-20
5765	14	34	-20
5766	14	34	-20
5767	14	34	-20
5768	14	34	-20
5769	14	34	-20
5770	14	34	-20
5771	14	34	-20
5772	14	34	-20
5773	14	34	-20
5774	14	34	-20
5775	14	34	-20
5776	14	34	-20
5777	14	34	-20
5778	14	34	-20
5779	14	34	-20
5780	14	34	-20
5781	14	34	-20
5782	14	34	-20
5783	14	34	-20
5784	14	34	-20
5785	14	34	-20
5786	14	34	-20
5787	14	34	-20
5788	14	34	-20
5789	14	34	-20
5790	14	34	-20
5791	14	34	-20
5792	14	34	-20
5793	14	34	-20
5794	14	34	-20
5795	14	34	-20
5796	14	34	-20
5797	14	34	-20
5798	14	34	-20
5799	14	34	-20
5800	14	34	-20
5801	14	34	-20
5802	14	34	-20
5803	14	34	-20
5804	14	34	-20
5805	14	34	-20
5806	14	34	-20
5807	14	34	-20
5808	14	34	-20
5809	14	34	-20
5810	14	34	-20
5811	14	34	-20
5812	14	34	-20
5813	14	34	-20
5814	14	34	-20
5815	14	34	-20
5816	14	34	-20
5817	14	34	-20
5818	14	34	-20
5819	14	34	-20
5820	14	34	-20
5821	14	34	-20
5822	14	34	-20
5823	14	34	-20
5824	14	34	-20
5825	14	34	-20
5826	14	34	-20
5827	14	34	-20
5828	14	34	-20
5829	14	34	-20
5830	14	34	-20
5831	14	34	-20
5832	14	34	-20
5833	14	34	-20
5834	14	34	-20
5835	14	34	-20
5836	14	34	-20
5837	14	34	-20
5838	14	34	-20
5839	14	34	-20
5840	14	34	-20
5841	14	34	-20
5842	14	34	-20
5843	14	34	-20
5844	14	34	-20
5845	14	34	-20
5846	14	34	-20
5847	14	34	-20
5848	14	34	-20
5849	14	34	-20
5850	14	34	-20
5851	14	34	-20
5852	14	34	-20
5853	14	34	-20
5854	14	34	-20
5855	14	34	-20
5856	14	34	-20
5857	14	34	-20
5858	14	34	-20
5859	14	34	-20
5860	14	34	-20
5861	14	34	-20
5862	14	34	-20
5863	14	34	-20
5864	14	34	-20
5865	14	34	-20
5866	14	34	-20
5867	14	34	-20
5868	14	34	-20
5869	14	34	-20
5870	14	34	-20
5871	14	34	-20
5872	14	34	-20
5873	14	34	-20
5874	14	34	-20
5875	14	34	-20
5876	14	34	-20
5877	14	34	-20
5878	14	34	-20
5879	14	34	-20
5880	14	34	-20
5881	14	34	-20
5882	14	34	-20
5883	14	34	-20
5884	14	34	-20
5885	14	34	-20
5886	14	34	-20
5887	14	34	-20
5888	14	34	-20
5889	14	34	-20
5890	14	34	-20
5891	14	34	-20
5892	14	34	-20
5893	14	34	-20
5894	14	34	-20
5895	14	34	-20
5896	14	34	-20
5897	14	34	-20
5898	14	34	-20
5899	14	34	-20
5900	14	34	-20
5901	14	34	-20
5902	14	34	-20
5903	14	34	-20
5904	14	34	-20
5905	14	34	-20
5906	14	34	-20
5907	14	34	-20
5908	14	34	-20
5909	14	34	-20
5910	14	34	-20
5911	14	34	-20
5912	14	34	-20
5913	14	34	-20
5914	14	34	-20
5915	14	34	-20
5916	14	34	-20
5917	14	34	-20
5918	14	34	-20
5919	14	34	-20
5920	14	34	-20
5921	14	34	-20
5922	14	34	-20
5923	14	34	-20
5924	14	34	-20
5925	14	34	-20
5926	14	34	-20
5927	14	34	-20
5928	14	34	-20
5929	14	34	-20
5930	14	34	-20
5931	14	34	-20
5932	14	34	-20
5933	14	34	-20
5934	14	34	-20
5935	14	34	-20
5936	14	34	-20
5937	14	34	-20
5938	14	34	-20
5939	14	34	-20
5940	14	34	-20
5941	14	34	-20
5942	14	34	-20
5943	14	34	-20
5944	14	34	-20
5945	14	34	-20
5946	14	34	-20
5947	14	34	-20
5948	14	34	-20
5949	14	34	-20
5950	14	34	-20
5951	14	34	-20
5952	14	34	-20
5953	14	34	-20
5954	14	34	-20
5955	14	34	-20
5956	14	34	-20
5957	14	34	-20
5958	14	34	-20
5959	14	34	-20
5960	14	34	-20
5961	14	34	-20
5962	14	34	-20
5963	14	34	-20
5964	14	34	-20
5965	14	34	-20
5966	14	34	-20
5967	14	34	-20
5968	14	34	-20
5969	14	34	-20
5970	14	34	-20
5971	14	34	-20
5972	14	34	-20
5973	14	34	-20
5974	14	34	-20
5975	14	34	-20
5976	14	34	-20
5977	14	34	-20
5978	14	34	-20
5979	14	34	-20
5980	14	34	-20
5981	14	34	-20
5982	14	34	-20
5983	14	34	-20
5984	14	34	-20
5985	14	34	-20
5986	14	34	-20
5987	14	34	-20
5988	14	34	-20
5989	14	34	-20
5990	14	34	-20
5991	14	34	-20
5992	14	34	-20
5993	14	34	-20
5994	14	34	-20
5995	14	34	-20
5996	14	34	-20
5997	14	34	-20
5998	14	34	-20
5999	14	34	-20
6000	14	34	-20
6001	14	34	-20
6002	14	34	-20
6003	14	34	-20
6004	14	34	-20
6005	14	34	-20
6006	14	34	-20
6007	14	34	-20
6008	14	34	-20
6009	14	34	-20
6010	14	34	-20
6011	14	34	-20
6012	14	34	-20
6013	14	34	-20
6014	14	34	-20
6015	14	34	-20
6016	14	34	-20
6017	14	34	-20
6018	14	34	-20
6019	14	34	-20
6020	14	34	-20
6021	14	34	-20
6022	14	34	-20
6023	14	34	-20
6024	14	34	-20
6025	14	34	-20
6026	14	34	-20
6027	14	34	-20
6028	14	34	-20
6029	14	34	-20
6030	14	34	-20
6031	14	34	-20
6032	14	34	-20
6033	14	34	-20
6034	14	34	-20
6035	14	34	-20
6036	14	34	-20
6037	14	34	-20
6038	14	34	-20
6039	14	34	-20
6040	14	34	-20
6041	14	34	-20
6042	14	34	-20
6043	14	34	-20
6044	14	34	-20
6045	14	34	-20
6046	14	34	-20
6047	14	34	-20
6048	14	34	-20
6049	14	34	-20
6050	14	34	-20
6051	14	34	-20
6052	14	34	-20
6053	14	34	-20
6054	14	34	-20
6055	14	34	-20
6056	14	34	-20
6057	14	34	-20
6058	14	34	-20
6059	14	34	-20
6060	14	34	-20
6061	14	34	-20
6062	14	34	-20
6063	14	34	-20
6064	14	34	-20
6065	14	34	-20
6066	14	34	-20
6067	14	34	-20
6068	14	34	-20
6069	14	34	-20
6070	14	34	-20
6071	14	34	-20
6072	14	34	-20
6073	14	34	-20
6074	14	34	-20
6075	14	34	-20
6076	14	34	-20
6077	14	34	-20
6078	14	34	-20
6079	14	34	-20
6080	14	34	-20
6081	14	34	-20
6082	14	34	-20
6083	14	34	-20
6084	14	34	-20
6085	14	34	-20
6086	14	34	-20
6087	14	34	-20
6088	14	34	-20
6089	14	34	-20
6090	14	34	-20
6091	14	34	-20
6092	14	34	-20
6093	14	34	-20
6094	14	34	-20
6095	14	34	-20
6096	14	34	-20
6097	14	34	-20
6098	14	34	-20
6099	14	34	-20
6100	14	34	-20
6101	14	34	-20
6102	14	34	-20
6103	14	34	-20
6104	14	34	-20
6105	14	34	-20
6106	14	34	-20
6107	14	34	-20
6108	14	34	-20
6109	14	34	-20
6110	14	34	-20
6111	14	34	-20
6112	14	34	-20
6113	14	34	-20
6114	14	34	-20
6115	14	34	-20
6116	14	34	-20
6117	14	34	-20
6118	14	34	-20
6119	14	34	-20
6120	14	34	-20
6121	14	34	-20
6122	14	34	-20
6123	14	34	-20
6124	14	34	-20
6125	14	34	-20
6126	14	34	-20
6127	14	34	-20
6128	14	34	-20
6129	14	34	-20
6130	14	34	-20
6131	14	34	-20
6132	14	34	-20
6133	14	34	-20
6134	14	34	-20
6135	14	34	-20
6136	14	34	-20
6137	14	34	-20
6138	14	34	-20
6139	14	34	-20
6140	14	34	-20
6141	14	34	-20
6142	14	34	-20
6143	14	34	-20
6144	14	34	-20
6145	14	34	-20
6146	14	34	-20
6147	14	34	-20
6148	14	34	-20
6149	14	34	-20
6150	14	34	-20
6151	14	34	-20
6152	14	34	-20
6153	14	34	-20
6154	14	34	-20
6155	14	34	-20
6156	14	34	-20
6157	14	34	-20
6158	14	34	-20
6159	14	34	-20
6160	14	34	-20
6161	14	34	-20
6162	14	34	-20
6163	14	34	-20
6164	14	34	-20
6165	14	34	-20
6166	14	34	-20
6167	14	34	-20
6168	14	34	-20
6169	14	34	-20
6170	14	34	-20
6171	14	34	-20
6172	14	34	-20
6173	14	34	-20
6174	14	34	-20
6175	14	34	-20
6176	14	34	-20
6177	14	34	-20
6178	14	34	-20
6179	14	34	-20
6180	14	34	-20
6181	14	34	-20
6182	14	34	-20
6183	14	34	-20
6184	14	34	-20
6185	14	34	-20
6186	14	34	-20
6187	14	34	-20
6188	14	34	-20
