#Clock	Robots	Obstacles	Score
1	0	0	0
2	0	0	0
3	0	0	0
4	0	0	0
5	0	0	0
6	0	0	0
7	0	0	0
8	0	0	0
9	0	0	0
10	0	0	0
11	0	0	0
12	0	0	0
13	0	0	0
14	0	0	0
15	0	0	0
16	0	0	0
17	0	0	0
18	0	0	0
19	0	0	0
20	0	0	0
21	0	0	0
22	0	0	0
23	0	0	0
24	0	0	0
25	0	0	0
26	0	0	0
27	0	0	0
28	0	0	0
29	0	0	0
30	0	0	0
31	0	0	0
32	0	0	0
33	0	0	0
34	0	0	0
35	0	0	0
36	0	0	0
37	0	0	0
38	0	0	0
39	0	0	0
40	0	0	0
41	0	0	0
42	0	0	0
43	0	0	0
44	0	0	0
45	0	0	0
46	0	0	0
47	0	0	0
48	0	0	0
49	0	0	0
50	0	0	0
51	0	0	0
52	0	0	0
53	0	0	0
54	0	0	0
55	0	0	0
56	0	0	0
57	0	0	0
58	0	0	0
59	0	0	0
60	0	0	0
61	0	0	0
62	0	0	0
63	0	0	0
64	0	0	0
65	0	0	0
66	0	0	0
67	0	0	0
68	0	0	0
69	0	0	0
70	0	0	0
71	0	0	0
72	0	0	0
73	0	0	0
74	0	0	0
75	0	0	0
76	0	0	0
77	0	0	0
78	0	0	0
79	0	0	0
80	0	0	0
81	0	0	0
82	0	0	0
83	0	0	0
84	0	0	0
85	0	0	0
86	0	0	0
87	0	0	0
88	0	0	0
89	0	0	0
90	0	0	0
91	0	0	0
92	0	0	0
93	0	0	0
94	0	0	0
95	0	0	0
96	0	0	0
97	0	0	0
98	0	0	0
99	0	0	0
100	0	0	0
101	0	0	0
102	0	0	0
103	0	0	0
104	0	0	0
105	0	0	0
106	0	0	0
107	0	0	0
108	0	0	0
109	0	0	0
110	0	0	0
111	0	0	0
112	0	0	0
113	0	0	0
114	0	0	0
115	0	0	0
116	0	0	0
117	0	0	0
118	0	0	0
119	0	0	0
120	0	0	0
121	0	0	0
122	0	0	0
123	0	0	0
124	0	0	0
125	0	0	0
126	0	0	0
127	0	0	0
128	0	0	0
129	0	0	0
130	0	0	0
131	0	0	0
132	0	0	0
133	0	0	0
134	0	0	0
135	0	0	0
136	0	0	0
137	0	0	0
138	0	0	0
139	0	0	0
140	0	0	0
141	0	0	0
142	0	0	0
143	0	0	0
144	0	0	0
145	0	0	0
146	0	0	0
147	0	0	0
148	0	0	0
149	0	0	0
150	0	0	0
151	0	0	0
152	0	0	0
153	0	0	0
154	0	0	0
155	0	0	0
156	0	0	0
157	0	0	0
158	0	0	0
159	0	0	0
160	0	0	0
161	0	0	0
162	0	0	0
163	0	0	0
164	0	0	0
165	0	0	0
166	0	0	0
167	0	0	0
168	0	0	0
169	0	0	0
170	0	0	0
171	0	0	0
172	0	0	0
173	0	0	0
174	0	0	0
175	0	0	0
176	0	0	0
177	0	0	0
178	0	0	0
179	0	0	0
180	0	0	0
181	0	0	0
182	0	0	0
183	0	0	0
184	0	0	0
185	0	0	0
186	0	0	0
187	0	0	0
188	0	0	0
189	0	0	0
190	0	0	0
191	0	0	0
192	0	0	0
193	0	0	0
194	0	0	0
195	0	0	0
196	0	0	0
197	0	0	0
198	0	0	0
199	0	0	0
200	0	0	0
201	0	0	0
202	0	0	0
203	0	0	0
204	0	0	0
205	0	0	0
206	0	0	0
207	0	0	0
208	0	0	0
209	0	0	0
210	0	0	0
211	0	0	0
212	0	0	0
213	0	0	0
214	0	0	0
215	0	0	0
216	0	0	0
217	0	0	0
218	0	0	0
219	0	0	0
220	0	0	0
221	0	0	0
222	0	0	0
223	0	0	0
224	0	0	0
225	0	0	0
226	0	0	0
227	0	0	0
228	0	0	0
229	0	0	0
230	0	0	0
231	0	0	0
232	0	0	0
233	0	0	0
234	0	0	0
235	0	0	0
236	0	0	0
237	0	0	0
238	0	0	0
239	0	0	0
240	0	0	0
241	0	0	0
242	0	0	0
243	0	0	0
244	0	0	0
245	0	0	0
246	0	0	0
247	0	0	0
248	0	0	0
249	0	0	0
250	0	0	0
251	0	0	0
252	0	0	0
253	0	0	0
254	0	0	0
255	0	0	0
256	0	0	0
257	0	0	0
258	0	0	0
259	0	0	0
260	0	0	0
261	0	0	0
262	0	0	0
263	0	0	0
264	0	0	0
265	0	0	0
266	0	0	0
267	0	0	0
268	0	0	0
269	0	0	0
270	0	0	0
271	0	0	0
272	0	0	0
273	0	0	0
274	0	0	0
275	0	0	0
276	0	0	0
277	0	0	0
278	0	0	0
279	0	0	0
280	0	0	0
281	0	0	0
282	0	0	0
283	0	0	0
284	0	0	0
285	0	0	0
286	0	0	0
287	0	0	0
288	0	0	0
289	0	0	0
290	0	0	0
291	0	0	0
292	0	0	0
293	0	0	0
294	0	0	0
295	0	0	0
296	0	0	0
297	0	0	0
298	0	0	0
299	0	0	0
300	0	0	0
301	0	0	0
302	0	0	0
303	0	0	0
304	0	0	0
305	0	0	0
306	0	0	0
307	0	0	0
308	0	0	0
309	0	0	0
310	0	0	0
311	0	0	0
312	0	0	0
313	0	0	0
314	0	0	0
315	0	0	0
316	0	0	0
317	0	0	0
318	0	0	0
319	0	0	0
320	0	0	0
321	0	0	0
322	0	0	0
323	0	0	0
324	0	0	0
325	0	0	0
326	0	0	0
327	0	0	0
328	0	0	0
329	0	0	0
330	0	0	0
331	0	0	0
332	0	0	0
333	0	0	0
334	0	0	0
335	0	0	0
336	0	0	0
337	0	0	0
338	0	0	0
339	0	0	0
340	0	0	0
341	0	0	0
342	0	0	0
343	0	1	-1
344	0	1	-1
345	0	1	-1
346	0	1	-1
347	0	1	-1
348	0	1	-1
349	0	1	-1
350	0	1	-1
351	0	1	-1
352	0	1	-1
353	0	1	-1
354	0	1	-1
355	0	1	-1
356	0	1	-1
357	0	1	-1
358	0	1	-1
359	0	1	-1
360	0	1	-1
361	0	1	-1
362	0	1	-1
363	0	1	-1
364	0	1	-1
365	0	1	-1
366	0	1	-1
367	0	1	-1
368	0	1	-1
369	0	1	-1
370	0	1	-1
371	0	1	-1
372	0	1	-1
373	0	1	-1
374	0	1	-1
375	0	1	-1
376	0	1	-1
377	0	1	-1
378	0	1	-1
379	0	1	-1
380	0	1	-1
381	0	1	-1
382	0	1	-1
383	0	1	-1
384	0	1	-1
385	0	1	-1
386	0	1	-1
387	0	1	-1
388	0	1	-1
389	0	1	-1
390	0	1	-1
391	0	1	-1
392	0	1	-1
393	0	1	-1
394	0	1	-1
395	0	1	-1
396	0	1	-1
397	0	1	-1
398	0	1	-1
399	0	1	-1
400	0	1	-1
401	0	1	-1
402	0	1	-1
403	0	1	-1
404	0	1	-1
405	0	1	-1
406	0	1	-1
407	0	1	-1
408	0	1	-1
409	0	1	-1
410	0	1	-1
411	0	1	-1
412	0	1	-1
413	0	1	-1
414	0	1	-1
415	0	1	-1
416	0	1	-1
417	0	1	-1
418	0	1	-1
419	0	1	-1
420	0	1	-1
421	0	1	-1
422	0	1	-1
423	0	1	-1
424	0	1	-1
425	0	1	-1
426	0	1	-1
427	0	1	-1
428	0	1	-1
429	0	1	-1
430	0	1	-1
431	0	1	-1
432	0	1	-1
433	0	1	-1
434	0	1	-1
435	0	1	-1
436	0	1	-1
437	0	1	-1
438	0	1	-1
439	0	1	-1
440	0	1	-1
441	0	1	-1
442	0	1	-1
443	0	1	-1
444	0	1	-1
445	0	1	-1
446	0	1	-1
447	0	1	-1
448	0	1	-1
449	0	1	-1
450	0	1	-1
451	0	1	-1
452	0	1	-1
453	0	1	-1
454	0	1	-1
455	0	1	-1
456	0	1	-1
457	0	1	-1
458	0	1	-1
459	0	1	-1
460	0	1	-1
461	0	1	-1
462	0	1	-1
463	0	1	-1
464	0	1	-1
465	0	1	-1
466	0	1	-1
467	0	1	-1
468	0	1	-1
469	0	1	-1
470	0	1	-1
471	0	1	-1
472	0	1	-1
473	0	1	-1
474	0	1	-1
475	0	1	-1
476	0	1	-1
477	0	1	-1
478	0	1	-1
479	0	1	-1
480	0	1	-1
481	0	1	-1
482	0	1	-1
483	0	1	-1
484	0	1	-1
485	0	1	-1
486	0	1	-1
487	0	1	-1
488	0	1	-1
489	0	1	-1
490	0	1	-1
491	0	1	-1
492	0	1	-1
493	0	1	-1
494	0	1	-1
495	0	1	-1
496	0	1	-1
497	0	1	-1
498	0	1	-1
499	0	1	-1
500	0	1	-1
501	0	1	-1
502	0	1	-1
503	0	1	-1
504	0	1	-1
505	0	1	-1
506	0	1	-1
507	0	1	-1
508	0	1	-1
509	0	1	-1
510	0	1	-1
511	0	1	-1
512	0	1	-1
513	0	1	-1
514	0	1	-1
515	0	1	-1
516	0	1	-1
517	0	1	-1
518	0	1	-1
519	0	1	-1
520	0	1	-1
521	0	1	-1
522	0	1	-1
523	0	1	-1
524	0	1	-1
525	0	1	-1
526	0	1	-1
527	0	1	-1
528	0	1	-1
529	0	1	-1
530	0	1	-1
531	0	1	-1
532	0	1	-1
533	0	1	-1
534	0	1	-1
535	0	1	-1
536	0	1	-1
537	0	1	-1
538	0	1	-1
539	0	1	-1
540	0	1	-1
541	0	1	-1
542	0	1	-1
543	0	1	-1
544	0	1	-1
545	0	1	-1
546	0	1	-1
547	0	1	-1
548	0	1	-1
549	0	1	-1
550	0	1	-1
551	0	1	-1
552	0	1	-1
553	0	1	-1
554	0	1	-1
555	0	1	-1
556	0	1	-1
557	0	1	-1
558	0	1	-1
559	0	1	-1
560	0	1	-1
561	0	1	-1
562	0	1	-1
563	0	1	-1
564	0	1	-1
565	0	1	-1
566	0	1	-1
567	0	1	-1
568	0	1	-1
569	0	1	-1
570	0	1	-1
571	0	1	-1
572	0	1	-1
573	0	1	-1
574	0	1	-1
575	0	1	-1
576	0	1	-1
577	0	1	-1
578	0	1	-1
579	0	1	-1
580	0	1	-1
581	0	1	-1
582	0	1	-1
583	0	1	-1
584	0	1	-1
585	0	1	-1
586	0	1	-1
587	0	1	-1
588	0	1	-1
589	0	1	-1
590	0	1	-1
591	0	1	-1
592	0	1	-1
593	0	1	-1
594	0	1	-1
595	0	1	-1
596	0	1	-1
597	0	1	-1
598	0	1	-1
599	0	1	-1
600	0	1	-1
601	0	1	-1
602	0	1	-1
603	0	1	-1
604	0	1	-1
605	0	1	-1
606	0	1	-1
607	0	1	-1
608	0	1	-1
609	0	1	-1
610	0	1	-1
611	0	1	-1
612	0	1	-1
613	0	1	-1
614	0	1	-1
615	0	1	-1
616	0	1	-1
617	0	1	-1
618	0	1	-1
619	0	1	-1
620	0	1	-1
621	0	1	-1
622	0	1	-1
623	0	1	-1
624	0	1	-1
625	0	1	-1
626	0	1	-1
627	0	1	-1
628	0	1	-1
629	0	1	-1
630	0	1	-1
631	0	1	-1
632	0	1	-1
633	0	1	-1
634	0	1	-1
635	0	1	-1
636	0	1	-1
637	0	1	-1
638	0	1	-1
639	0	1	-1
640	0	1	-1
641	0	1	-1
642	0	1	-1
643	0	1	-1
644	0	1	-1
645	0	1	-1
646	0	1	-1
647	0	1	-1
648	0	1	-1
649	0	1	-1
650	0	1	-1
651	0	1	-1
652	0	1	-1
653	0	1	-1
654	0	1	-1
655	0	1	-1
656	0	1	-1
657	0	1	-1
658	0	1	-1
659	0	1	-1
660	0	1	-1
661	0	1	-1
662	0	1	-1
663	0	1	-1
664	0	1	-1
665	0	1	-1
666	0	1	-1
667	0	1	-1
668	0	1	-1
669	0	1	-1
670	0	1	-1
671	0	1	-1
672	0	1	-1
673	0	1	-1
674	0	1	-1
675	0	1	-1
676	0	1	-1
677	0	1	-1
678	0	1	-1
679	0	1	-1
680	0	1	-1
681	0	1	-1
682	0	1	-1
683	0	1	-1
684	0	1	-1
685	0	1	-1
686	0	1	-1
687	0	1	-1
688	0	1	-1
689	0	1	-1
690	0	1	-1
691	0	1	-1
692	0	1	-1
693	0	1	-1
694	0	1	-1
695	0	1	-1
696	0	1	-1
697	0	1	-1
698	0	1	-1
699	0	1	-1
700	0	1	-1
701	0	1	-1
702	0	1	-1
703	0	1	-1
704	0	1	-1
705	0	1	-1
706	0	1	-1
707	0	1	-1
708	0	1	-1
709	0	1	-1
710	0	1	-1
711	0	1	-1
712	0	1	-1
713	0	1	-1
714	0	1	-1
715	0	1	-1
716	0	1	-1
717	0	1	-1
718	0	1	-1
719	0	1	-1
720	0	1	-1
721	0	1	-1
722	0	1	-1
723	0	1	-1
724	0	1	-1
725	0	1	-1
726	0	1	-1
727	0	1	-1
728	0	1	-1
729	0	1	-1
730	0	1	-1
731	0	1	-1
732	0	1	-1
733	0	1	-1
734	0	1	-1
735	0	1	-1
736	0	1	-1
737	0	1	-1
738	0	1	-1
739	0	1	-1
740	0	1	-1
741	0	1	-1
742	0	1	-1
743	0	1	-1
744	0	1	-1
745	0	1	-1
746	0	1	-1
747	0	1	-1
748	0	1	-1
749	0	1	-1
750	0	1	-1
751	0	1	-1
752	0	1	-1
753	0	1	-1
754	0	1	-1
755	0	1	-1
756	0	1	-1
757	0	1	-1
758	0	1	-1
759	0	1	-1
760	0	1	-1
761	0	1	-1
762	0	1	-1
763	0	1	-1
764	0	1	-1
765	0	1	-1
766	0	1	-1
767	0	1	-1
768	0	1	-1
769	0	1	-1
770	0	1	-1
771	0	1	-1
772	0	1	-1
773	0	1	-1
774	0	1	-1
775	0	1	-1
776	0	1	-1
777	0	1	-1
778	0	1	-1
779	0	1	-1
780	0	1	-1
781	0	1	-1
782	0	1	-1
783	0	1	-1
784	0	1	-1
785	0	1	-1
786	0	1	-1
787	0	1	-1
788	0	1	-1
789	0	1	-1
790	0	1	-1
791	0	1	-1
792	0	1	-1
793	0	1	-1
794	0	1	-1
795	0	1	-1
796	0	1	-1
797	0	1	-1
798	0	1	-1
799	0	1	-1
800	0	1	-1
801	0	1	-1
802	0	1	-1
803	0	1	-1
804	0	1	-1
805	0	1	-1
806	0	1	-1
807	0	1	-1
808	0	1	-1
809	0	1	-1
810	0	1	-1
811	0	1	-1
812	0	1	-1
813	0	1	-1
814	0	1	-1
815	0	1	-1
816	0	1	-1
817	0	1	-1
818	0	1	-1
819	0	1	-1
820	0	1	-1
821	0	1	-1
822	0	1	-1
823	0	1	-1
824	0	1	-1
825	0	1	-1
826	0	1	-1
827	0	1	-1
828	0	1	-1
829	0	1	-1
830	0	1	-1
831	0	1	-1
832	0	1	-1
833	0	1	-1
834	0	1	-1
835	0	1	-1
836	0	1	-1
837	0	1	-1
838	0	1	-1
839	0	1	-1
840	0	1	-1
841	0	1	-1
842	0	1	-1
843	0	1	-1
844	0	1	-1
845	0	1	-1
846	0	1	-1
847	0	1	-1
848	0	1	-1
849	0	1	-1
850	0	1	-1
851	0	1	-1
852	0	1	-1
853	0	1	-1
854	0	1	-1
855	0	1	-1
856	0	1	-1
857	0	1	-1
858	0	1	-1
859	0	1	-1
860	0	1	-1
861	0	1	-1
862	0	1	-1
863	0	1	-1
864	0	1	-1
865	0	2	-2
866	0	2	-2
867	0	3	-3
868	0	3	-3
869	0	3	-3
870	0	3	-3
871	0	3	-3
872	0	3	-3
873	0	3	-3
874	0	3	-3
875	0	3	-3
876	0	4	-4
877	0	4	-4
878	0	4	-4
879	1	5	-4
880	1	5	-4
881	1	5	-4
882	2	5	-3
883	2	5	-3
884	2	5	-3
885	2	5	-3
886	2	5	-3
887	2	5	-3
888	2	5	-3
889	2	5	-3
890	2	5	-3
891	2	5	-3
892	2	5	-3
893	2	5	-3
894	2	5	-3
895	2	5	-3
896	2	5	-3
897	2	5	-3
898	2	5	-3
899	2	5	-3
900	2	5	-3
901	2	5	-3
902	2	5	-3
903	2	5	-3
904	2	5	-3
905	2	5	-3
906	2	5	-3
907	2	5	-3
908	2	5	-3
909	2	5	-3
910	2	5	-3
911	2	5	-3
912	2	5	-3
913	2	5	-3
914	2	5	-3
915	2	5	-3
916	2	5	-3
917	2	5	-3
918	2	5	-3
919	2	5	-3
920	2	5	-3
921	2	5	-3
922	2	5	-3
923	2	5	-3
924	2	5	-3
925	2	5	-3
926	2	5	-3
927	2	5	-3
928	2	5	-3
929	2	5	-3
930	2	5	-3
931	2	5	-3
932	2	5	-3
933	2	6	-4
934	2	6	-4
935	2	6	-4
936	2	6	-4
937	2	6	-4
938	2	6	-4
939	2	6	-4
940	2	6	-4
941	2	6	-4
942	2	6	-4
943	2	6	-4
944	2	6	-4
945	2	7	-5
946	2	7	-5
947	2	8	-6
948	2	8	-6
949	2	8	-6
950	2	8	-6
951	2	8	-6
952	2	8	-6
953	2	8	-6
954	2	8	-6
955	2	8	-6
956	2	8	-6
957	2	8	-6
958	2	8	-6
959	2	8	-6
960	2	8	-6
961	2	8	-6
962	2	8	-6
963	2	8	-6
964	2	8	-6
965	2	8	-6
966	2	8	-6
967	2	8	-6
968	2	8	-6
969	2	8	-6
970	2	9	-7
971	2	9	-7
972	2	9	-7
973	2	9	-7
974	2	9	-7
975	2	9	-7
976	2	9	-7
977	2	9	-7
978	2	9	-7
979	2	9	-7
980	2	9	-7
981	2	9	-7
982	2	9	-7
983	2	9	-7
984	2	9	-7
985	2	9	-7
986	2	9	-7
987	2	9	-7
988	2	9	-7
989	2	9	-7
990	2	9	-7
991	2	9	-7
992	2	9	-7
993	2	9	-7
994	2	9	-7
995	2	9	-7
996	2	9	-7
997	2	9	-7
998	2	9	-7
999	2	9	-7
1000	2	9	-7
1001	2	10	-8
1002	2	10	-8
1003	2	10	-8
1004	2	10	-8
1005	2	10	-8
1006	2	10	-8
1007	2	10	-8
1008	2	10	-8
1009	2	10	-8
1010	2	10	-8
1011	2	10	-8
1012	2	10	-8
1013	2	10	-8
1014	2	10	-8
1015	2	10	-8
1016	2	10	-8
1017	2	10	-8
1018	2	10	-8
1019	2	10	-8
1020	2	10	-8
1021	2	10	-8
1022	2	9	-7
1023	2	9	-7
1024	2	9	-7
1025	2	9	-7
1026	2	9	-7
1027	2	9	-7
1028	2	9	-7
1029	2	9	-7
1030	2	9	-7
1031	2	9	-7
1032	2	9	-7
1033	2	9	-7
1034	2	9	-7
1035	2	9	-7
1036	2	9	-7
1037	2	9	-7
1038	2	9	-7
1039	2	9	-7
1040	2	9	-7
1041	2	9	-7
1042	2	9	-7
1043	2	9	-7
1044	2	9	-7
1045	2	9	-7
1046	2	9	-7
1047	2	9	-7
1048	2	9	-7
1049	2	9	-7
1050	2	9	-7
1051	2	10	-8
1052	2	10	-8
1053	2	10	-8
1054	2	10	-8
1055	2	10	-8
1056	2	10	-8
1057	2	10	-8
1058	2	10	-8
1059	2	10	-8
1060	2	10	-8
1061	2	10	-8
1062	2	10	-8
1063	2	10	-8
1064	2	10	-8
1065	2	10	-8
1066	2	10	-8
1067	2	10	-8
1068	2	10	-8
1069	2	10	-8
1070	2	10	-8
1071	2	10	-8
1072	2	10	-8
1073	2	10	-8
1074	2	10	-8
1075	2	10	-8
1076	2	10	-8
1077	2	10	-8
1078	2	10	-8
1079	2	10	-8
1080	2	10	-8
1081	2	10	-8
1082	2	10	-8
1083	2	10	-8
1084	2	10	-8
1085	2	11	-9
1086	2	11	-9
1087	2	11	-9
1088	2	11	-9
1089	2	11	-9
1090	2	11	-9
1091	2	11	-9
1092	2	11	-9
1093	2	11	-9
1094	2	11	-9
1095	2	11	-9
1096	2	11	-9
1097	2	11	-9
1098	2	11	-9
1099	2	11	-9
1100	2	11	-9
1101	2	11	-9
1102	2	11	-9
1103	2	11	-9
1104	2	11	-9
1105	2	11	-9
1106	3	11	-8
1107	3	11	-8
1108	3	11	-8
1109	3	11	-8
1110	3	11	-8
1111	3	11	-8
1112	3	11	-8
1113	3	11	-8
1114	3	11	-8
1115	3	11	-8
1116	3	11	-8
1117	3	11	-8
1118	3	11	-8
1119	3	11	-8
1120	3	11	-8
1121	3	11	-8
1122	3	11	-8
1123	3	11	-8
1124	3	11	-8
1125	3	11	-8
1126	3	11	-8
1127	3	11	-8
1128	3	11	-8
1129	3	11	-8
1130	3	11	-8
1131	3	11	-8
1132	3	11	-8
1133	3	11	-8
1134	3	11	-8
1135	3	11	-8
1136	3	11	-8
1137	3	11	-8
1138	3	11	-8
1139	3	11	-8
1140	3	11	-8
1141	3	11	-8
1142	3	11	-8
1143	3	11	-8
1144	3	11	-8
1145	3	11	-8
1146	3	11	-8
1147	3	11	-8
1148	3	11	-8
1149	3	11	-8
1150	3	11	-8
1151	3	11	-8
1152	3	11	-8
1153	3	11	-8
1154	3	11	-8
1155	3	10	-7
1156	3	10	-7
1157	3	10	-7
1158	3	10	-7
1159	3	10	-7
1160	3	10	-7
1161	3	10	-7
1162	3	10	-7
1163	3	10	-7
1164	3	10	-7
1165	3	10	-7
1166	3	10	-7
1167	3	10	-7
1168	3	10	-7
1169	3	10	-7
1170	3	10	-7
1171	3	10	-7
1172	3	10	-7
1173	3	10	-7
1174	3	10	-7
1175	3	10	-7
1176	3	10	-7
1177	3	10	-7
1178	3	10	-7
1179	3	10	-7
1180	3	10	-7
1181	3	10	-7
1182	3	10	-7
1183	3	10	-7
1184	3	10	-7
1185	3	10	-7
1186	3	10	-7
1187	3	10	-7
1188	3	10	-7
1189	3	10	-7
1190	3	10	-7
1191	3	10	-7
1192	3	10	-7
1193	3	10	-7
1194	3	10	-7
1195	3	10	-7
1196	3	10	-7
1197	3	10	-7
1198	3	10	-7
1199	3	10	-7
1200	3	10	-7
1201	3	10	-7
1202	3	10	-7
1203	3	10	-7
1204	3	10	-7
1205	3	10	-7
1206	3	10	-7
1207	3	10	-7
1208	3	10	-7
1209	3	10	-7
1210	3	10	-7
1211	3	10	-7
1212	3	10	-7
1213	3	10	-7
1214	3	10	-7
1215	3	10	-7
1216	3	10	-7
1217	3	10	-7
1218	3	10	-7
1219	3	10	-7
1220	3	10	-7
1221	3	10	-7
1222	3	10	-7
1223	3	10	-7
1224	3	10	-7
1225	3	10	-7
1226	3	10	-7
1227	3	10	-7
1228	3	10	-7
1229	3	10	-7
1230	3	10	-7
1231	3	10	-7
1232	3	10	-7
1233	3	10	-7
1234	3	10	-7
1235	3	10	-7
1236	3	10	-7
1237	3	10	-7
1238	3	10	-7
1239	3	10	-7
1240	3	10	-7
1241	3	10	-7
1242	3	10	-7
1243	3	10	-7
1244	3	10	-7
1245	3	10	-7
1246	3	10	-7
1247	3	10	-7
1248	3	10	-7
1249	3	10	-7
1250	3	10	-7
1251	3	10	-7
1252	3	10	-7
1253	3	10	-7
1254	3	10	-7
1255	3	10	-7
1256	3	10	-7
1257	3	10	-7
1258	3	10	-7
1259	3	10	-7
1260	3	10	-7
1261	3	10	-7
1262	3	10	-7
1263	3	10	-7
1264	3	10	-7
1265	3	10	-7
1266	3	10	-7
1267	3	10	-7
1268	3	10	-7
1269	3	10	-7
1270	3	10	-7
1271	3	10	-7
1272	3	10	-7
1273	3	10	-7
1274	3	10	-7
1275	3	10	-7
1276	3	10	-7
1277	3	10	-7
1278	3	10	-7
1279	3	10	-7
1280	3	10	-7
1281	3	10	-7
1282	3	10	-7
1283	3	10	-7
1284	3	10	-7
1285	3	10	-7
1286	3	10	-7
1287	3	10	-7
1288	3	10	-7
1289	3	10	-7
1290	3	10	-7
1291	3	10	-7
1292	3	10	-7
1293	3	10	-7
1294	3	10	-7
1295	3	10	-7
1296	3	10	-7
1297	3	10	-7
1298	3	10	-7
1299	3	10	-7
1300	3	10	-7
1301	3	10	-7
1302	3	10	-7
1303	3	10	-7
1304	3	10	-7
1305	3	10	-7
1306	3	10	-7
1307	3	10	-7
1308	3	10	-7
1309	3	10	-7
1310	3	10	-7
1311	3	10	-7
1312	3	10	-7
1313	3	10	-7
1314	3	10	-7
1315	3	10	-7
1316	3	10	-7
1317	3	10	-7
1318	3	10	-7
1319	3	10	-7
1320	3	10	-7
1321	3	10	-7
1322	3	10	-7
1323	3	10	-7
1324	3	10	-7
1325	3	10	-7
1326	3	10	-7
1327	3	10	-7
1328	3	10	-7
1329	3	10	-7
1330	3	10	-7
1331	3	10	-7
1332	3	10	-7
1333	3	10	-7
1334	3	10	-7
1335	3	10	-7
1336	3	10	-7
1337	3	10	-7
1338	3	10	-7
1339	3	10	-7
1340	3	10	-7
1341	3	10	-7
1342	3	10	-7
1343	3	10	-7
1344	3	10	-7
1345	3	10	-7
1346	3	10	-7
1347	3	10	-7
1348	3	10	-7
1349	3	10	-7
1350	3	10	-7
1351	3	10	-7
1352	3	10	-7
1353	3	10	-7
1354	3	10	-7
1355	3	10	-7
1356	3	10	-7
1357	3	10	-7
1358	3	10	-7
1359	3	10	-7
1360	3	10	-7
1361	3	10	-7
1362	3	10	-7
1363	3	10	-7
1364	3	10	-7
1365	3	10	-7
1366	3	10	-7
1367	3	10	-7
1368	3	10	-7
1369	3	10	-7
1370	3	10	-7
1371	3	10	-7
1372	3	10	-7
1373	3	10	-7
1374	3	10	-7
1375	3	10	-7
1376	3	10	-7
1377	3	10	-7
1378	3	10	-7
1379	3	10	-7
1380	3	10	-7
1381	3	10	-7
1382	3	10	-7
1383	3	10	-7
1384	3	10	-7
1385	3	10	-7
1386	3	10	-7
1387	3	10	-7
1388	3	10	-7
1389	3	10	-7
1390	3	10	-7
1391	3	10	-7
1392	3	10	-7
1393	3	10	-7
1394	3	10	-7
1395	3	10	-7
1396	3	10	-7
1397	3	10	-7
1398	3	10	-7
1399	4	10	-6
1400	4	10	-6
1401	4	10	-6
1402	4	10	-6
1403	4	10	-6
1404	4	10	-6
1405	4	10	-6
1406	4	10	-6
1407	4	10	-6
1408	4	10	-6
1409	4	10	-6
1410	4	10	-6
1411	4	10	-6
1412	4	10	-6
1413	4	10	-6
1414	4	10	-6
1415	4	10	-6
1416	4	10	-6
1417	4	10	-6
1418	4	10	-6
1419	4	10	-6
1420	4	10	-6
1421	4	10	-6
1422	4	10	-6
1423	4	10	-6
1424	4	10	-6
1425	4	10	-6
1426	4	10	-6
1427	4	10	-6
1428	4	10	-6
1429	4	10	-6
1430	4	10	-6
1431	4	10	-6
1432	4	10	-6
1433	4	10	-6
1434	4	10	-6
1435	4	10	-6
1436	4	10	-6
1437	4	10	-6
1438	4	10	-6
1439	4	10	-6
1440	4	10	-6
1441	4	10	-6
1442	4	10	-6
1443	4	10	-6
1444	4	10	-6
1445	4	10	-6
1446	4	10	-6
1447	4	10	-6
1448	4	10	-6
1449	4	10	-6
1450	4	10	-6
1451	4	10	-6
1452	4	10	-6
1453	4	10	-6
1454	4	10	-6
1455	4	10	-6
1456	4	10	-6
1457	4	10	-6
1458	4	10	-6
1459	4	10	-6
1460	4	10	-6
1461	4	10	-6
1462	4	10	-6
1463	4	10	-6
1464	4	10	-6
1465	4	10	-6
1466	4	10	-6
1467	4	10	-6
1468	4	10	-6
1469	4	10	-6
1470	4	10	-6
1471	4	10	-6
1472	4	10	-6
1473	4	10	-6
1474	4	10	-6
1475	4	10	-6
1476	4	10	-6
1477	4	10	-6
1478	4	10	-6
1479	4	10	-6
1480	4	10	-6
1481	4	10	-6
1482	4	10	-6
1483	4	10	-6
1484	4	10	-6
1485	4	10	-6
1486	4	10	-6
1487	4	10	-6
1488	4	10	-6
1489	4	10	-6
1490	4	10	-6
1491	4	10	-6
1492	4	10	-6
1493	4	10	-6
1494	4	10	-6
1495	4	10	-6
1496	4	10	-6
1497	4	10	-6
1498	4	10	-6
1499	4	10	-6
1500	4	10	-6
1501	4	10	-6
1502	4	10	-6
1503	4	10	-6
1504	4	10	-6
1505	4	10	-6
1506	4	10	-6
1507	4	10	-6
1508	4	10	-6
1509	4	10	-6
1510	4	10	-6
1511	4	10	-6
1512	4	10	-6
1513	4	10	-6
1514	4	10	-6
1515	4	10	-6
1516	4	10	-6
1517	4	10	-6
1518	4	10	-6
1519	4	10	-6
1520	4	10	-6
1521	4	10	-6
1522	4	10	-6
1523	4	10	-6
1524	4	10	-6
1525	4	10	-6
1526	4	10	-6
1527	4	10	-6
1528	4	10	-6
1529	4	10	-6
1530	4	10	-6
1531	4	10	-6
1532	4	10	-6
1533	4	10	-6
1534	4	10	-6
1535	4	10	-6
1536	4	10	-6
1537	4	10	-6
1538	4	10	-6
1539	4	10	-6
1540	4	10	-6
1541	4	10	-6
1542	4	10	-6
1543	4	10	-6
1544	4	10	-6
1545	4	10	-6
1546	4	10	-6
1547	4	10	-6
1548	4	10	-6
1549	4	10	-6
1550	4	10	-6
1551	4	10	-6
1552	4	10	-6
1553	4	10	-6
1554	4	10	-6
1555	4	10	-6
1556	4	10	-6
1557	4	10	-6
1558	4	10	-6
1559	4	10	-6
1560	4	10	-6
1561	4	10	-6
1562	4	10	-6
1563	4	10	-6
1564	4	10	-6
1565	4	10	-6
1566	4	10	-6
1567	4	10	-6
1568	4	10	-6
1569	4	10	-6
1570	4	10	-6
1571	4	10	-6
1572	4	10	-6
1573	4	10	-6
1574	4	10	-6
1575	4	10	-6
1576	4	10	-6
1577	4	10	-6
1578	4	10	-6
1579	4	10	-6
1580	4	10	-6
1581	4	10	-6
1582	4	10	-6
1583	4	10	-6
1584	4	10	-6
1585	4	10	-6
1586	4	10	-6
1587	4	10	-6
1588	4	10	-6
1589	4	10	-6
1590	4	10	-6
1591	4	10	-6
1592	4	10	-6
1593	4	10	-6
1594	4	10	-6
1595	4	10	-6
1596	4	10	-6
1597	4	10	-6
1598	4	10	-6
1599	4	10	-6
1600	4	10	-6
1601	4	10	-6
1602	4	10	-6
1603	4	10	-6
1604	4	10	-6
1605	4	10	-6
1606	4	10	-6
1607	4	10	-6
1608	4	10	-6
1609	4	10	-6
1610	4	10	-6
1611	4	10	-6
1612	4	10	-6
1613	4	10	-6
1614	4	10	-6
1615	4	10	-6
1616	4	10	-6
1617	4	10	-6
1618	4	10	-6
1619	4	10	-6
1620	4	10	-6
1621	4	10	-6
1622	4	10	-6
1623	4	10	-6
1624	4	10	-6
1625	4	10	-6
1626	4	10	-6
1627	4	10	-6
1628	4	10	-6
1629	4	10	-6
1630	4	10	-6
1631	4	10	-6
1632	4	10	-6
1633	4	10	-6
1634	4	10	-6
1635	4	10	-6
1636	4	10	-6
1637	4	10	-6
1638	4	10	-6
1639	4	10	-6
1640	4	10	-6
1641	4	10	-6
1642	4	10	-6
1643	4	10	-6
1644	4	10	-6
1645	4	10	-6
1646	4	10	-6
1647	3	10	-7
1648	3	10	-7
1649	2	10	-8
1650	2	10	-8
1651	2	10	-8
1652	2	10	-8
1653	2	10	-8
1654	2	10	-8
1655	2	10	-8
1656	2	10	-8
1657	2	10	-8
1658	2	10	-8
1659	2	10	-8
1660	2	10	-8
1661	2	10	-8
1662	2	10	-8
1663	2	10	-8
1664	2	10	-8
1665	2	10	-8
1666	2	10	-8
1667	2	10	-8
1668	2	10	-8
1669	2	10	-8
1670	2	10	-8
1671	2	10	-8
1672	2	10	-8
1673	2	10	-8
1674	2	10	-8
1675	2	10	-8
1676	2	10	-8
1677	2	10	-8
1678	2	10	-8
1679	2	10	-8
1680	2	10	-8
1681	2	10	-8
1682	2	10	-8
1683	2	10	-8
1684	2	10	-8
1685	2	10	-8
1686	2	10	-8
1687	2	10	-8
1688	2	10	-8
1689	2	10	-8
1690	2	10	-8
1691	2	10	-8
1692	2	10	-8
1693	2	10	-8
1694	2	10	-8
1695	2	10	-8
1696	2	10	-8
1697	2	10	-8
1698	2	10	-8
1699	2	10	-8
1700	2	10	-8
1701	2	10	-8
1702	2	10	-8
1703	2	10	-8
1704	2	10	-8
1705	2	10	-8
1706	2	10	-8
1707	2	10	-8
1708	2	10	-8
1709	2	10	-8
1710	2	10	-8
1711	2	10	-8
1712	2	10	-8
1713	2	10	-8
1714	2	10	-8
1715	2	10	-8
1716	2	10	-8
1717	2	10	-8
1718	2	10	-8
1719	2	10	-8
1720	2	10	-8
1721	2	10	-8
1722	2	10	-8
1723	2	10	-8
1724	2	10	-8
1725	2	10	-8
1726	2	10	-8
1727	2	10	-8
1728	2	10	-8
1729	2	10	-8
1730	2	10	-8
1731	2	10	-8
1732	2	10	-8
1733	2	10	-8
1734	2	10	-8
1735	2	10	-8
1736	2	10	-8
1737	2	10	-8
1738	2	10	-8
1739	2	10	-8
1740	2	10	-8
1741	2	10	-8
1742	2	10	-8
1743	2	10	-8
1744	2	10	-8
1745	2	10	-8
1746	2	10	-8
1747	2	10	-8
1748	2	10	-8
1749	2	10	-8
1750	2	10	-8
1751	2	10	-8
1752	2	10	-8
1753	2	10	-8
1754	2	10	-8
1755	2	10	-8
1756	2	10	-8
1757	2	10	-8
1758	2	10	-8
1759	2	10	-8
1760	2	10	-8
1761	2	10	-8
1762	2	10	-8
1763	2	10	-8
1764	2	10	-8
1765	2	10	-8
1766	2	10	-8
1767	2	10	-8
1768	2	10	-8
1769	2	10	-8
1770	2	10	-8
1771	2	10	-8
1772	2	10	-8
1773	2	10	-8
1774	2	10	-8
1775	2	10	-8
1776	2	10	-8
1777	2	10	-8
1778	2	11	-9
1779	2	11	-9
1780	2	11	-9
1781	2	11	-9
1782	2	11	-9
1783	2	11	-9
1784	2	11	-9
1785	2	11	-9
1786	2	11	-9
1787	2	11	-9
1788	2	11	-9
1789	2	11	-9
1790	2	11	-9
1791	2	11	-9
1792	2	11	-9
1793	2	11	-9
1794	2	11	-9
1795	2	11	-9
1796	2	11	-9
1797	2	11	-9
1798	2	11	-9
1799	2	11	-9
1800	2	11	-9
1801	2	11	-9
1802	2	12	-10
1803	2	12	-10
1804	2	12	-10
1805	2	12	-10
1806	2	12	-10
1807	2	12	-10
1808	2	12	-10
1809	2	12	-10
1810	2	12	-10
1811	2	12	-10
1812	2	12	-10
1813	2	12	-10
1814	2	12	-10
1815	2	12	-10
1816	2	12	-10
1817	2	12	-10
1818	2	12	-10
1819	2	12	-10
1820	2	12	-10
1821	2	12	-10
1822	2	12	-10
1823	2	12	-10
1824	2	12	-10
1825	2	12	-10
1826	2	12	-10
1827	2	12	-10
1828	2	12	-10
1829	2	13	-11
1830	2	13	-11
1831	2	13	-11
1832	2	13	-11
1833	2	13	-11
1834	2	13	-11
1835	2	13	-11
1836	2	13	-11
1837	2	13	-11
1838	2	13	-11
1839	2	13	-11
1840	2	13	-11
1841	2	13	-11
1842	2	13	-11
1843	2	13	-11
1844	2	13	-11
1845	2	13	-11
1846	2	13	-11
1847	2	13	-11
1848	3	13	-10
1849	3	13	-10
1850	3	13	-10
1851	3	13	-10
1852	3	13	-10
1853	3	13	-10
1854	3	13	-10
1855	3	13	-10
1856	3	13	-10
1857	3	13	-10
1858	3	13	-10
1859	3	13	-10
1860	3	13	-10
1861	3	13	-10
1862	3	13	-10
1863	3	13	-10
1864	3	13	-10
1865	3	13	-10
1866	3	13	-10
1867	3	13	-10
1868	3	13	-10
1869	3	13	-10
1870	3	13	-10
1871	3	13	-10
1872	3	13	-10
1873	3	13	-10
1874	3	13	-10
1875	3	13	-10
1876	3	13	-10
1877	3	13	-10
1878	3	13	-10
1879	3	13	-10
1880	3	13	-10
1881	3	13	-10
1882	3	13	-10
1883	3	13	-10
1884	3	13	-10
1885	3	13	-10
1886	3	13	-10
1887	3	13	-10
1888	3	13	-10
1889	3	13	-10
1890	3	13	-10
1891	3	13	-10
1892	3	13	-10
1893	3	13	-10
1894	3	13	-10
1895	3	13	-10
1896	3	13	-10
1897	3	13	-10
1898	3	13	-10
1899	3	13	-10
1900	3	13	-10
1901	3	12	-9
1902	3	12	-9
1903	3	12	-9
1904	3	12	-9
1905	3	12	-9
1906	3	12	-9
1907	3	12	-9
1908	3	12	-9
1909	3	12	-9
1910	3	12	-9
1911	3	12	-9
1912	3	12	-9
1913	3	12	-9
1914	3	12	-9
1915	3	12	-9
1916	3	12	-9
1917	3	12	-9
1918	3	12	-9
1919	3	12	-9
1920	3	12	-9
1921	3	12	-9
1922	3	12	-9
1923	3	12	-9
1924	3	12	-9
1925	3	12	-9
1926	3	12	-9
1927	3	12	-9
1928	3	12	-9
1929	3	12	-9
1930	3	12	-9
1931	3	12	-9
1932	3	12	-9
1933	3	12	-9
1934	3	12	-9
1935	3	12	-9
1936	3	12	-9
1937	3	12	-9
1938	3	12	-9
1939	3	12	-9
1940	3	12	-9
1941	3	12	-9
1942	3	12	-9
1943	3	12	-9
1944	3	12	-9
1945	3	12	-9
1946	3	12	-9
1947	3	12	-9
1948	3	12	-9
1949	3	12	-9
1950	3	12	-9
1951	3	12	-9
1952	3	12	-9
1953	3	12	-9
1954	3	12	-9
1955	3	12	-9
1956	3	12	-9
1957	3	12	-9
1958	3	12	-9
1959	3	12	-9
1960	3	12	-9
1961	3	12	-9
1962	3	12	-9
1963	3	12	-9
1964	3	12	-9
1965	3	12	-9
1966	3	12	-9
1967	3	12	-9
1968	3	12	-9
1969	3	12	-9
1970	3	12	-9
1971	3	12	-9
1972	3	12	-9
1973	3	12	-9
1974	3	12	-9
1975	3	12	-9
1976	3	12	-9
1977	3	12	-9
1978	3	12	-9
1979	3	12	-9
1980	3	12	-9
1981	3	12	-9
1982	3	12	-9
1983	3	12	-9
1984	3	12	-9
1985	3	12	-9
1986	3	12	-9
1987	3	12	-9
1988	3	12	-9
1989	3	12	-9
1990	3	12	-9
1991	3	12	-9
1992	3	12	-9
1993	3	12	-9
1994	3	12	-9
1995	3	12	-9
1996	3	12	-9
1997	3	12	-9
1998	3	12	-9
1999	3	12	-9
2000	3	12	-9
2001	3	12	-9
2002	3	12	-9
2003	3	12	-9
2004	3	12	-9
2005	3	12	-9
2006	3	12	-9
2007	3	12	-9
2008	3	12	-9
2009	3	12	-9
2010	3	12	-9
2011	3	12	-9
2012	3	12	-9
2013	3	12	-9
2014	3	12	-9
2015	3	12	-9
2016	3	12	-9
2017	3	12	-9
2018	3	12	-9
2019	3	12	-9
2020	3	12	-9
2021	3	12	-9
2022	3	12	-9
2023	3	12	-9
2024	3	12	-9
2025	3	12	-9
2026	3	12	-9
2027	3	12	-9
2028	3	12	-9
2029	3	12	-9
2030	3	12	-9
2031	3	12	-9
2032	3	12	-9
2033	3	12	-9
2034	3	12	-9
2035	3	12	-9
2036	3	12	-9
2037	3	12	-9
2038	3	12	-9
2039	3	12	-9
2040	3	12	-9
2041	3	12	-9
2042	3	12	-9
2043	3	12	-9
2044	3	12	-9
2045	3	12	-9
2046	3	12	-9
2047	3	12	-9
2048	3	12	-9
2049	3	12	-9
2050	3	12	-9
2051	3	12	-9
2052	3	12	-9
2053	3	12	-9
2054	3	12	-9
2055	3	12	-9
2056	3	12	-9
2057	3	12	-9
2058	3	12	-9
2059	3	12	-9
2060	3	12	-9
2061	3	12	-9
2062	3	12	-9
2063	3	12	-9
2064	3	12	-9
2065	3	12	-9
2066	3	12	-9
2067	3	12	-9
2068	3	12	-9
2069	3	12	-9
2070	3	12	-9
2071	3	12	-9
2072	3	12	-9
2073	3	12	-9
2074	3	12	-9
2075	3	12	-9
2076	3	12	-9
2077	3	12	-9
2078	3	12	-9
2079	3	12	-9
2080	3	12	-9
2081	3	12	-9
2082	3	12	-9
2083	3	12	-9
2084	3	12	-9
2085	3	12	-9
2086	3	12	-9
2087	3	12	-9
2088	3	12	-9
2089	3	12	-9
2090	3	12	-9
2091	3	12	-9
2092	3	12	-9
2093	3	12	-9
2094	3	12	-9
2095	3	12	-9
2096	3	12	-9
2097	3	12	-9
2098	3	12	-9
2099	3	12	-9
2100	3	12	-9
2101	3	12	-9
2102	3	12	-9
2103	3	12	-9
2104	3	12	-9
2105	3	12	-9
2106	3	12	-9
2107	3	12	-9
2108	3	12	-9
2109	3	12	-9
2110	3	12	-9
2111	3	12	-9
2112	3	12	-9
2113	3	12	-9
2114	3	12	-9
2115	3	12	-9
2116	3	12	-9
2117	3	12	-9
2118	3	12	-9
2119	3	12	-9
2120	3	12	-9
2121	3	12	-9
2122	3	12	-9
2123	3	12	-9
2124	3	12	-9
2125	3	12	-9
2126	3	12	-9
2127	3	12	-9
2128	3	12	-9
2129	3	12	-9
2130	3	12	-9
2131	3	12	-9
2132	3	12	-9
2133	3	12	-9
2134	3	12	-9
2135	3	12	-9
2136	3	12	-9
2137	3	12	-9
2138	3	12	-9
2139	3	12	-9
2140	3	12	-9
2141	3	12	-9
2142	3	12	-9
2143	3	12	-9
2144	3	12	-9
2145	3	12	-9
2146	3	12	-9
2147	3	12	-9
2148	3	12	-9
2149	3	12	-9
2150	3	12	-9
2151	3	12	-9
2152	3	12	-9
2153	3	12	-9
2154	3	12	-9
2155	3	12	-9
2156	3	12	-9
2157	3	12	-9
2158	3	12	-9
2159	3	12	-9
2160	3	12	-9
2161	3	12	-9
2162	3	12	-9
2163	3	12	-9
2164	3	12	-9
2165	3	12	-9
2166	3	12	-9
2167	3	12	-9
2168	3	12	-9
2169	3	12	-9
2170	3	12	-9
2171	3	12	-9
2172	3	12	-9
2173	3	12	-9
2174	3	12	-9
2175	3	12	-9
2176	3	12	-9
2177	3	12	-9
2178	3	12	-9
2179	3	12	-9
2180	3	12	-9
2181	3	12	-9
2182	3	12	-9
2183	3	12	-9
2184	3	12	-9
2185	3	12	-9
2186	3	12	-9
2187	3	12	-9
2188	3	12	-9
2189	3	12	-9
2190	3	12	-9
2191	3	12	-9
2192	3	12	-9
2193	3	12	-9
2194	3	13	-10
2195	3	13	-10
2196	3	13	-10
2197	3	13	-10
2198	3	13	-10
2199	3	13	-10
2200	3	13	-10
2201	3	13	-10
2202	3	13	-10
2203	3	13	-10
2204	3	13	-10
2205	3	13	-10
2206	3	13	-10
2207	3	13	-10
2208	3	13	-10
2209	3	13	-10
2210	3	13	-10
2211	3	14	-11
2212	3	14	-11
2213	3	14	-11
2214	3	14	-11
2215	3	14	-11
2216	3	14	-11
2217	3	14	-11
2218	3	15	-12
2219	3	15	-12
2220	3	15	-12
2221	3	15	-12
2222	3	15	-12
2223	3	15	-12
2224	3	15	-12
2225	3	15	-12
2226	3	15	-12
2227	3	15	-12
2228	3	15	-12
2229	4	15	-11
2230	4	15	-11
2231	4	15	-11
2232	4	15	-11
2233	4	15	-11
2234	4	15	-11
2235	4	15	-11
2236	4	15	-11
2237	4	15	-11
2238	4	15	-11
2239	4	15	-11
2240	4	15	-11
2241	4	15	-11
2242	4	15	-11
2243	4	15	-11
2244	4	15	-11
2245	4	15	-11
2246	4	15	-11
2247	4	15	-11
2248	4	15	-11
2249	4	15	-11
2250	4	15	-11
2251	4	15	-11
2252	4	15	-11
2253	4	15	-11
2254	4	15	-11
2255	4	15	-11
2256	4	15	-11
2257	4	15	-11
2258	4	15	-11
2259	4	15	-11
2260	4	15	-11
2261	4	15	-11
2262	4	15	-11
2263	4	15	-11
2264	4	15	-11
2265	4	15	-11
2266	4	15	-11
2267	4	15	-11
2268	4	15	-11
2269	4	15	-11
2270	4	15	-11
2271	4	15	-11
2272	4	15	-11
2273	4	15	-11
2274	4	15	-11
2275	4	15	-11
2276	4	15	-11
2277	4	15	-11
2278	4	15	-11
2279	4	15	-11
2280	4	15	-11
2281	4	15	-11
2282	4	15	-11
2283	4	15	-11
2284	4	15	-11
2285	4	15	-11
2286	4	15	-11
2287	4	15	-11
2288	4	15	-11
2289	4	15	-11
2290	4	15	-11
2291	4	15	-11
2292	4	15	-11
2293	4	15	-11
2294	4	15	-11
2295	4	15	-11
2296	4	15	-11
2297	4	15	-11
2298	4	15	-11
2299	4	15	-11
2300	4	15	-11
2301	4	15	-11
2302	4	15	-11
2303	4	15	-11
2304	4	15	-11
2305	4	15	-11
2306	4	15	-11
2307	4	15	-11
2308	4	15	-11
2309	4	15	-11
2310	4	15	-11
2311	4	15	-11
2312	4	15	-11
2313	4	15	-11
2314	4	15	-11
2315	4	15	-11
2316	4	15	-11
2317	4	15	-11
2318	4	15	-11
2319	4	15	-11
2320	4	15	-11
2321	4	15	-11
2322	4	15	-11
2323	4	15	-11
2324	4	15	-11
2325	4	15	-11
2326	4	16	-12
2327	4	16	-12
2328	4	16	-12
2329	4	16	-12
2330	4	16	-12
2331	4	16	-12
2332	4	16	-12
2333	4	16	-12
2334	4	16	-12
2335	4	16	-12
2336	4	16	-12
2337	4	16	-12
2338	4	16	-12
2339	4	16	-12
2340	4	16	-12
2341	4	16	-12
2342	4	16	-12
2343	4	16	-12
2344	4	16	-12
2345	4	16	-12
2346	4	16	-12
2347	4	16	-12
2348	4	16	-12
2349	4	16	-12
2350	4	16	-12
2351	4	16	-12
2352	4	16	-12
2353	4	16	-12
2354	4	16	-12
2355	4	16	-12
2356	4	16	-12
2357	4	16	-12
2358	4	16	-12
2359	4	16	-12
2360	4	16	-12
2361	4	16	-12
2362	4	16	-12
2363	4	16	-12
2364	4	16	-12
2365	4	16	-12
2366	4	16	-12
2367	4	16	-12
2368	4	16	-12
2369	4	16	-12
2370	4	16	-12
2371	4	16	-12
2372	4	16	-12
2373	4	16	-12
2374	4	16	-12
2375	4	16	-12
2376	4	16	-12
2377	4	16	-12
2378	4	16	-12
2379	4	16	-12
2380	4	16	-12
2381	4	16	-12
2382	4	16	-12
2383	4	16	-12
2384	4	16	-12
2385	4	16	-12
2386	4	16	-12
2387	4	16	-12
2388	4	16	-12
2389	4	16	-12
2390	4	16	-12
2391	4	16	-12
2392	4	16	-12
2393	4	16	-12
2394	4	16	-12
2395	4	16	-12
2396	4	16	-12
2397	4	16	-12
2398	4	16	-12
2399	4	16	-12
2400	4	16	-12
2401	4	16	-12
2402	4	16	-12
2403	4	16	-12
2404	4	16	-12
2405	4	16	-12
2406	4	16	-12
2407	4	16	-12
2408	4	16	-12
2409	4	16	-12
2410	4	16	-12
2411	4	16	-12
2412	4	16	-12
2413	4	17	-13
2414	4	17	-13
2415	4	17	-13
2416	4	17	-13
2417	4	17	-13
2418	4	17	-13
2419	4	17	-13
2420	4	17	-13
2421	4	17	-13
2422	4	17	-13
2423	4	17	-13
2424	4	17	-13
2425	4	17	-13
2426	4	17	-13
2427	4	17	-13
2428	4	17	-13
2429	4	17	-13
2430	4	17	-13
2431	5	17	-12
2432	5	17	-12
2433	5	17	-12
2434	5	17	-12
2435	5	17	-12
2436	5	17	-12
2437	5	17	-12
2438	5	17	-12
2439	5	17	-12
2440	5	17	-12
2441	5	17	-12
2442	5	17	-12
2443	5	17	-12
2444	5	17	-12
2445	5	17	-12
2446	5	17	-12
2447	5	17	-12
2448	5	17	-12
2449	5	17	-12
2450	5	17	-12
2451	5	17	-12
2452	5	17	-12
2453	5	17	-12
2454	5	17	-12
2455	5	17	-12
2456	5	17	-12
2457	5	17	-12
2458	5	17	-12
2459	5	18	-13
2460	5	18	-13
2461	5	18	-13
2462	5	18	-13
2463	5	18	-13
2464	5	18	-13
2465	5	18	-13
2466	5	18	-13
2467	5	18	-13
2468	5	18	-13
2469	5	18	-13
2470	5	18	-13
2471	5	18	-13
2472	5	18	-13
2473	5	18	-13
2474	5	18	-13
2475	5	18	-13
2476	5	18	-13
2477	5	18	-13
2478	5	18	-13
2479	5	18	-13
2480	5	18	-13
2481	5	18	-13
2482	5	18	-13
2483	5	18	-13
2484	5	18	-13
2485	5	18	-13
2486	5	18	-13
2487	5	18	-13
2488	5	18	-13
2489	5	18	-13
2490	5	18	-13
2491	5	18	-13
2492	5	17	-12
2493	6	17	-11
2494	6	17	-11
2495	6	17	-11
2496	6	17	-11
2497	6	17	-11
2498	6	17	-11
2499	6	17	-11
2500	6	17	-11
2501	6	17	-11
2502	6	17	-11
2503	6	17	-11
2504	6	17	-11
2505	6	17	-11
2506	6	17	-11
2507	6	17	-11
2508	6	17	-11
2509	6	17	-11
2510	6	17	-11
2511	6	17	-11
2512	6	17	-11
2513	6	17	-11
2514	6	17	-11
2515	6	17	-11
2516	6	17	-11
2517	6	17	-11
2518	6	17	-11
2519	6	17	-11
2520	6	17	-11
2521	6	17	-11
2522	6	17	-11
2523	6	17	-11
2524	6	17	-11
2525	6	17	-11
2526	6	17	-11
2527	6	17	-11
2528	6	17	-11
2529	6	17	-11
2530	6	17	-11
2531	6	17	-11
2532	6	17	-11
2533	6	17	-11
2534	6	17	-11
2535	6	17	-11
2536	6	17	-11
2537	6	17	-11
2538	6	17	-11
2539	6	17	-11
2540	6	17	-11
2541	6	17	-11
2542	6	17	-11
2543	6	17	-11
2544	6	17	-11
2545	6	17	-11
2546	6	17	-11
2547	6	17	-11
2548	6	17	-11
2549	6	17	-11
2550	6	17	-11
2551	6	18	-12
2552	6	18	-12
2553	6	18	-12
2554	6	18	-12
2555	6	18	-12
2556	6	18	-12
2557	6	18	-12
2558	6	18	-12
2559	6	18	-12
2560	6	18	-12
2561	6	18	-12
2562	6	18	-12
2563	6	18	-12
2564	6	18	-12
2565	6	18	-12
2566	6	18	-12
2567	6	18	-12
2568	6	18	-12
2569	6	18	-12
2570	6	18	-12
2571	6	18	-12
2572	6	18	-12
2573	6	18	-12
2574	6	18	-12
2575	6	18	-12
2576	6	18	-12
2577	6	18	-12
2578	6	18	-12
2579	6	18	-12
2580	6	18	-12
2581	6	18	-12
2582	6	18	-12
2583	6	18	-12
2584	6	18	-12
2585	6	18	-12
2586	6	18	-12
2587	6	18	-12
2588	6	18	-12
2589	6	18	-12
2590	6	18	-12
2591	6	18	-12
2592	6	18	-12
2593	6	18	-12
2594	6	18	-12
2595	6	18	-12
2596	6	18	-12
2597	6	18	-12
2598	6	18	-12
2599	6	18	-12
2600	6	18	-12
2601	6	18	-12
2602	6	18	-12
2603	6	18	-12
2604	6	18	-12
2605	6	18	-12
2606	6	18	-12
2607	6	18	-12
2608	6	18	-12
2609	6	18	-12
2610	6	18	-12
2611	6	18	-12
2612	5	18	-13
2613	5	18	-13
2614	5	18	-13
2615	5	18	-13
2616	5	18	-13
2617	5	18	-13
2618	5	18	-13
2619	5	18	-13
2620	5	18	-13
2621	5	18	-13
2622	5	18	-13
2623	5	18	-13
2624	5	18	-13
2625	5	18	-13
2626	5	18	-13
2627	5	18	-13
2628	5	18	-13
2629	5	18	-13
2630	5	18	-13
2631	5	18	-13
2632	5	18	-13
2633	5	18	-13
2634	5	18	-13
2635	5	18	-13
2636	5	18	-13
2637	5	18	-13
2638	5	18	-13
2639	5	18	-13
2640	5	18	-13
2641	5	18	-13
2642	5	18	-13
2643	5	18	-13
2644	5	18	-13
2645	5	18	-13
2646	5	18	-13
2647	5	18	-13
2648	5	18	-13
2649	5	18	-13
2650	5	18	-13
2651	5	18	-13
2652	5	18	-13
2653	5	18	-13
2654	5	18	-13
2655	5	18	-13
2656	5	18	-13
2657	5	18	-13
2658	5	18	-13
2659	5	18	-13
2660	5	18	-13
2661	5	18	-13
2662	5	18	-13
2663	5	18	-13
2664	5	18	-13
2665	5	18	-13
2666	5	18	-13
2667	5	18	-13
2668	5	18	-13
2669	5	18	-13
2670	5	18	-13
2671	5	18	-13
2672	5	18	-13
2673	5	18	-13
2674	5	18	-13
2675	5	18	-13
2676	5	18	-13
2677	5	18	-13
2678	5	18	-13
2679	5	18	-13
2680	5	18	-13
2681	5	18	-13
2682	5	18	-13
2683	5	18	-13
2684	5	18	-13
2685	5	18	-13
2686	5	18	-13
2687	5	18	-13
2688	5	18	-13
2689	5	18	-13
2690	5	18	-13
2691	5	18	-13
2692	5	18	-13
2693	5	18	-13
2694	5	18	-13
2695	5	18	-13
2696	5	18	-13
2697	5	18	-13
2698	5	18	-13
2699	5	18	-13
2700	5	18	-13
2701	5	18	-13
2702	5	18	-13
2703	5	18	-13
2704	5	18	-13
2705	5	18	-13
2706	5	18	-13
2707	5	18	-13
2708	5	18	-13
2709	5	18	-13
2710	5	18	-13
2711	5	18	-13
2712	5	18	-13
2713	5	18	-13
2714	5	18	-13
2715	5	18	-13
2716	5	18	-13
2717	5	18	-13
2718	5	18	-13
2719	5	18	-13
2720	5	18	-13
2721	5	18	-13
2722	5	18	-13
2723	5	18	-13
2724	5	18	-13
2725	5	18	-13
2726	5	18	-13
2727	5	18	-13
2728	5	18	-13
2729	5	18	-13
2730	5	18	-13
2731	5	18	-13
2732	5	18	-13
2733	5	18	-13
2734	5	18	-13
2735	5	18	-13
2736	5	18	-13
2737	5	18	-13
2738	5	18	-13
2739	5	18	-13
2740	5	18	-13
2741	5	18	-13
2742	5	18	-13
2743	5	18	-13
2744	5	18	-13
2745	5	18	-13
2746	5	18	-13
2747	5	18	-13
2748	5	18	-13
2749	5	18	-13
2750	5	18	-13
2751	5	18	-13
2752	5	18	-13
2753	5	18	-13
2754	5	18	-13
2755	5	18	-13
2756	5	18	-13
2757	5	18	-13
2758	5	18	-13
2759	5	18	-13
2760	5	18	-13
2761	5	18	-13
2762	5	18	-13
2763	5	18	-13
2764	5	18	-13
2765	5	18	-13
2766	5	18	-13
2767	5	18	-13
2768	5	18	-13
2769	5	18	-13
2770	5	18	-13
2771	5	18	-13
2772	5	18	-13
2773	5	18	-13
2774	5	18	-13
2775	5	18	-13
2776	5	18	-13
2777	5	18	-13
2778	5	18	-13
2779	5	18	-13
2780	5	18	-13
2781	5	18	-13
2782	5	18	-13
2783	5	18	-13
2784	5	18	-13
2785	5	18	-13
2786	5	18	-13
2787	5	18	-13
2788	5	18	-13
2789	5	18	-13
2790	5	18	-13
2791	5	18	-13
2792	5	18	-13
2793	5	18	-13
2794	5	18	-13
2795	5	18	-13
2796	5	18	-13
2797	5	18	-13
2798	5	18	-13
2799	5	18	-13
2800	5	18	-13
2801	5	18	-13
2802	5	18	-13
2803	5	18	-13
2804	5	18	-13
2805	5	18	-13
2806	5	18	-13
2807	5	18	-13
2808	5	18	-13
2809	5	18	-13
2810	5	18	-13
2811	5	18	-13
2812	5	18	-13
2813	5	18	-13
2814	5	18	-13
2815	5	18	-13
2816	5	18	-13
2817	5	18	-13
2818	5	18	-13
2819	5	18	-13
2820	5	18	-13
2821	5	18	-13
2822	5	18	-13
2823	5	18	-13
2824	5	18	-13
2825	5	18	-13
2826	5	18	-13
2827	5	18	-13
2828	5	18	-13
2829	5	18	-13
2830	5	18	-13
2831	5	18	-13
2832	5	18	-13
2833	5	18	-13
2834	5	18	-13
2835	5	18	-13
2836	5	18	-13
2837	5	18	-13
2838	5	18	-13
2839	5	18	-13
2840	5	18	-13
2841	5	18	-13
2842	5	18	-13
2843	5	18	-13
2844	5	18	-13
2845	5	18	-13
2846	5	18	-13
2847	5	18	-13
2848	5	18	-13
2849	5	18	-13
2850	5	18	-13
2851	5	18	-13
2852	5	18	-13
2853	5	18	-13
2854	5	18	-13
2855	5	18	-13
2856	5	18	-13
2857	5	18	-13
2858	5	18	-13
2859	5	18	-13
2860	5	18	-13
2861	5	18	-13
2862	5	18	-13
2863	5	18	-13
2864	5	18	-13
2865	5	18	-13
2866	5	18	-13
2867	5	18	-13
2868	5	18	-13
2869	5	18	-13
2870	5	18	-13
2871	5	18	-13
2872	5	18	-13
2873	5	18	-13
2874	5	18	-13
2875	5	18	-13
2876	5	18	-13
2877	5	18	-13
2878	5	18	-13
2879	5	18	-13
2880	5	18	-13
2881	5	18	-13
2882	5	18	-13
2883	5	18	-13
2884	5	18	-13
2885	5	18	-13
2886	5	18	-13
2887	5	18	-13
2888	5	18	-13
2889	5	18	-13
2890	5	18	-13
2891	5	18	-13
2892	5	18	-13
2893	5	18	-13
2894	5	18	-13
2895	5	18	-13
2896	5	18	-13
2897	5	18	-13
2898	5	18	-13
2899	5	18	-13
2900	5	18	-13
2901	5	18	-13
2902	5	18	-13
2903	5	18	-13
2904	5	18	-13
2905	5	18	-13
2906	5	18	-13
2907	5	18	-13
2908	5	18	-13
2909	5	18	-13
2910	5	18	-13
2911	5	18	-13
2912	5	18	-13
2913	5	18	-13
2914	5	18	-13
2915	5	18	-13
2916	5	18	-13
2917	5	18	-13
2918	5	18	-13
2919	5	18	-13
2920	5	18	-13
2921	5	18	-13
2922	5	18	-13
2923	5	18	-13
2924	5	18	-13
2925	5	18	-13
2926	5	18	-13
2927	5	18	-13
2928	5	18	-13
2929	5	18	-13
2930	5	18	-13
2931	5	18	-13
2932	5	18	-13
2933	5	18	-13
2934	5	18	-13
2935	5	18	-13
2936	5	18	-13
2937	5	18	-13
2938	5	18	-13
2939	5	18	-13
2940	5	18	-13
2941	5	18	-13
2942	5	18	-13
2943	5	18	-13
2944	5	18	-13
2945	5	18	-13
2946	5	18	-13
2947	5	18	-13
2948	5	18	-13
2949	5	18	-13
2950	5	18	-13
2951	5	18	-13
2952	5	18	-13
2953	5	18	-13
2954	5	18	-13
2955	5	18	-13
2956	5	18	-13
2957	5	18	-13
2958	5	18	-13
2959	5	18	-13
2960	5	18	-13
2961	5	18	-13
2962	5	18	-13
2963	5	18	-13
2964	5	18	-13
2965	5	18	-13
2966	5	18	-13
2967	5	18	-13
2968	5	18	-13
2969	5	18	-13
2970	5	18	-13
2971	5	18	-13
2972	5	18	-13
2973	5	18	-13
2974	5	18	-13
2975	5	18	-13
2976	5	18	-13
2977	5	18	-13
2978	5	18	-13
2979	5	18	-13
2980	5	18	-13
2981	5	18	-13
2982	5	18	-13
2983	5	18	-13
2984	5	18	-13
2985	5	18	-13
2986	5	17	-12
2987	5	17	-12
2988	5	17	-12
2989	5	17	-12
2990	5	17	-12
2991	5	17	-12
2992	5	17	-12
2993	5	17	-12
2994	5	17	-12
2995	5	17	-12
2996	5	17	-12
2997	5	17	-12
2998	5	17	-12
2999	5	17	-12
3000	5	17	-12
3001	5	17	-12
3002	5	17	-12
3003	5	17	-12
3004	5	17	-12
3005	5	17	-12
3006	5	17	-12
3007	5	17	-12
3008	5	17	-12
3009	5	17	-12
3010	5	17	-12
3011	5	17	-12
3012	5	17	-12
3013	5	17	-12
3014	5	17	-12
3015	5	17	-12
3016	5	17	-12
3017	5	17	-12
3018	5	17	-12
3019	5	17	-12
3020	5	17	-12
3021	5	17	-12
3022	5	17	-12
3023	5	17	-12
3024	5	17	-12
3025	5	17	-12
3026	5	17	-12
3027	5	17	-12
3028	5	17	-12
3029	5	17	-12
3030	5	17	-12
3031	5	17	-12
3032	5	17	-12
3033	5	17	-12
3034	5	17	-12
3035	5	17	-12
3036	5	17	-12
3037	5	17	-12
3038	5	17	-12
3039	5	17	-12
3040	5	17	-12
3041	5	17	-12
3042	5	17	-12
3043	5	17	-12
3044	5	17	-12
3045	5	17	-12
3046	5	17	-12
3047	5	17	-12
3048	5	17	-12
3049	5	17	-12
3050	5	17	-12
3051	5	17	-12
3052	5	17	-12
3053	5	17	-12
3054	5	17	-12
3055	5	17	-12
3056	5	17	-12
3057	5	17	-12
3058	5	17	-12
3059	5	17	-12
3060	5	17	-12
3061	5	17	-12
3062	5	17	-12
3063	5	17	-12
3064	5	17	-12
3065	5	17	-12
3066	5	17	-12
3067	5	17	-12
3068	5	17	-12
3069	5	17	-12
3070	5	17	-12
3071	5	17	-12
3072	5	17	-12
3073	5	17	-12
3074	5	17	-12
3075	5	17	-12
3076	5	17	-12
3077	5	17	-12
3078	5	17	-12
3079	5	17	-12
3080	5	17	-12
3081	5	17	-12
3082	5	17	-12
3083	5	17	-12
3084	5	17	-12
3085	5	17	-12
3086	5	17	-12
3087	5	17	-12
3088	5	17	-12
3089	5	17	-12
3090	5	17	-12
3091	5	17	-12
3092	5	17	-12
3093	5	17	-12
3094	5	17	-12
3095	5	17	-12
3096	5	17	-12
3097	5	17	-12
3098	5	17	-12
3099	5	17	-12
3100	5	17	-12
3101	5	17	-12
3102	5	17	-12
3103	5	17	-12
3104	5	17	-12
3105	5	17	-12
3106	5	17	-12
3107	5	17	-12
3108	5	17	-12
3109	5	17	-12
3110	5	17	-12
3111	5	17	-12
3112	5	17	-12
3113	5	17	-12
3114	5	17	-12
3115	5	17	-12
3116	5	17	-12
3117	5	17	-12
3118	5	17	-12
3119	5	17	-12
3120	5	17	-12
3121	5	17	-12
3122	5	17	-12
3123	5	17	-12
3124	5	17	-12
3125	5	17	-12
3126	5	17	-12
3127	5	17	-12
3128	5	17	-12
3129	5	17	-12
3130	5	17	-12
3131	5	17	-12
3132	5	17	-12
3133	5	17	-12
3134	5	17	-12
3135	5	17	-12
3136	5	17	-12
3137	5	17	-12
3138	5	17	-12
3139	5	17	-12
3140	5	17	-12
3141	5	17	-12
3142	5	17	-12
3143	5	17	-12
3144	5	17	-12
3145	5	17	-12
3146	5	17	-12
3147	5	17	-12
3148	5	17	-12
3149	5	17	-12
3150	5	17	-12
3151	5	17	-12
3152	5	17	-12
3153	5	17	-12
3154	5	17	-12
3155	5	17	-12
3156	5	17	-12
3157	5	17	-12
3158	5	17	-12
3159	5	17	-12
3160	5	17	-12
3161	5	17	-12
3162	5	17	-12
3163	5	17	-12
3164	5	17	-12
3165	5	17	-12
3166	5	17	-12
3167	5	17	-12
3168	5	17	-12
3169	5	17	-12
3170	5	17	-12
3171	5	17	-12
3172	5	17	-12
3173	5	17	-12
3174	5	17	-12
3175	5	17	-12
3176	5	17	-12
3177	5	17	-12
3178	5	17	-12
3179	5	17	-12
3180	5	17	-12
3181	5	17	-12
3182	5	17	-12
3183	5	17	-12
3184	5	17	-12
3185	5	17	-12
3186	5	17	-12
3187	5	17	-12
3188	5	17	-12
3189	5	17	-12
3190	5	17	-12
3191	5	17	-12
3192	5	17	-12
3193	5	17	-12
3194	5	17	-12
3195	5	17	-12
3196	5	17	-12
3197	5	17	-12
3198	5	17	-12
3199	5	17	-12
3200	5	17	-12
3201	5	17	-12
3202	5	17	-12
3203	5	17	-12
3204	5	17	-12
3205	5	17	-12
3206	5	17	-12
3207	5	17	-12
3208	5	17	-12
3209	5	17	-12
3210	5	17	-12
3211	5	17	-12
3212	5	17	-12
3213	5	17	-12
3214	5	17	-12
3215	5	17	-12
3216	5	17	-12
3217	5	17	-12
3218	5	17	-12
3219	5	17	-12
3220	5	17	-12
3221	5	17	-12
3222	5	17	-12
3223	5	17	-12
3224	5	17	-12
3225	5	17	-12
3226	5	17	-12
3227	5	17	-12
3228	5	17	-12
3229	5	17	-12
3230	5	17	-12
3231	5	17	-12
3232	5	17	-12
3233	5	17	-12
3234	5	17	-12
3235	5	17	-12
3236	5	17	-12
3237	5	17	-12
3238	5	17	-12
3239	5	17	-12
3240	5	17	-12
3241	5	17	-12
3242	5	17	-12
3243	5	17	-12
3244	5	17	-12
3245	5	17	-12
3246	5	17	-12
3247	5	17	-12
3248	5	17	-12
3249	5	17	-12
3250	5	17	-12
3251	5	17	-12
3252	5	17	-12
3253	5	17	-12
3254	5	17	-12
3255	5	17	-12
3256	5	17	-12
3257	5	17	-12
3258	5	17	-12
3259	5	17	-12
3260	5	17	-12
3261	5	17	-12
3262	5	17	-12
3263	5	17	-12
3264	5	17	-12
3265	5	17	-12
3266	5	17	-12
3267	5	17	-12
3268	5	17	-12
3269	5	17	-12
3270	5	17	-12
3271	5	17	-12
3272	5	17	-12
3273	5	17	-12
3274	5	17	-12
3275	5	17	-12
3276	5	17	-12
3277	5	17	-12
3278	5	17	-12
3279	5	17	-12
3280	5	17	-12
3281	5	17	-12
3282	5	17	-12
3283	5	17	-12
3284	5	17	-12
3285	5	17	-12
3286	5	17	-12
3287	6	17	-11
3288	6	17	-11
3289	6	17	-11
3290	6	17	-11
3291	6	17	-11
3292	6	17	-11
3293	6	17	-11
3294	6	17	-11
3295	6	17	-11
3296	6	17	-11
3297	6	17	-11
3298	6	17	-11
3299	6	17	-11
3300	6	17	-11
3301	6	17	-11
3302	6	17	-11
3303	6	17	-11
3304	6	17	-11
3305	6	17	-11
3306	6	17	-11
3307	6	17	-11
3308	6	17	-11
3309	6	17	-11
3310	6	17	-11
3311	6	17	-11
3312	6	17	-11
3313	6	17	-11
3314	6	17	-11
3315	6	17	-11
3316	6	17	-11
3317	6	17	-11
3318	6	17	-11
3319	6	17	-11
3320	6	17	-11
3321	6	17	-11
3322	6	17	-11
3323	6	18	-12
3324	6	18	-12
3325	6	18	-12
3326	6	18	-12
3327	6	18	-12
3328	6	18	-12
3329	6	18	-12
3330	6	19	-13
3331	6	19	-13
3332	6	19	-13
3333	6	19	-13
3334	6	19	-13
3335	6	19	-13
3336	6	19	-13
3337	6	19	-13
3338	6	19	-13
3339	6	19	-13
3340	6	19	-13
3341	6	19	-13
3342	6	19	-13
3343	6	19	-13
3344	6	19	-13
3345	6	19	-13
3346	6	19	-13
3347	6	19	-13
3348	6	19	-13
3349	6	19	-13
3350	6	19	-13
3351	6	19	-13
3352	6	20	-14
3353	6	20	-14
3354	6	20	-14
3355	6	20	-14
3356	6	20	-14
3357	6	20	-14
3358	6	20	-14
3359	6	20	-14
3360	6	20	-14
3361	6	20	-14
3362	6	20	-14
3363	6	20	-14
3364	6	20	-14
3365	6	21	-15
3366	6	21	-15
3367	6	23	-17
3368	6	23	-17
3369	6	23	-17
3370	6	23	-17
3371	6	23	-17
3372	6	23	-17
3373	6	23	-17
3374	6	24	-18
3375	6	24	-18
3376	6	24	-18
3377	6	24	-18
3378	6	24	-18
3379	6	24	-18
3380	6	24	-18
3381	6	24	-18
3382	6	24	-18
3383	6	24	-18
3384	6	24	-18
3385	6	24	-18
3386	7	24	-17
3387	7	24	-17
3388	7	24	-17
3389	7	24	-17
3390	7	24	-17
3391	7	24	-17
3392	7	24	-17
3393	7	24	-17
3394	7	24	-17
3395	7	24	-17
3396	7	24	-17
3397	7	24	-17
3398	7	24	-17
3399	7	24	-17
3400	7	24	-17
3401	7	24	-17
3402	7	24	-17
3403	7	24	-17
3404	7	24	-17
3405	7	24	-17
3406	7	24	-17
3407	7	24	-17
3408	7	24	-17
3409	7	24	-17
3410	7	24	-17
3411	7	24	-17
3412	7	24	-17
3413	7	24	-17
3414	7	24	-17
3415	7	24	-17
3416	7	24	-17
3417	7	24	-17
3418	7	24	-17
3419	7	24	-17
3420	7	24	-17
3421	7	24	-17
3422	7	24	-17
3423	7	24	-17
3424	7	24	-17
3425	7	24	-17
3426	7	24	-17
3427	7	24	-17
3428	7	24	-17
3429	7	24	-17
3430	7	24	-17
3431	7	24	-17
3432	7	24	-17
3433	7	24	-17
3434	7	24	-17
3435	7	24	-17
3436	7	24	-17
3437	7	24	-17
3438	7	24	-17
3439	7	24	-17
3440	7	24	-17
3441	7	24	-17
3442	7	24	-17
3443	7	24	-17
3444	7	24	-17
3445	7	24	-17
3446	7	24	-17
3447	7	25	-18
3448	7	25	-18
3449	7	25	-18
3450	7	25	-18
3451	7	25	-18
3452	7	25	-18
3453	7	25	-18
3454	7	25	-18
3455	7	25	-18
3456	7	25	-18
3457	7	25	-18
3458	7	25	-18
3459	7	25	-18
3460	7	25	-18
3461	7	25	-18
3462	7	25	-18
3463	7	25	-18
3464	7	25	-18
3465	7	25	-18
3466	7	25	-18
3467	7	25	-18
3468	7	25	-18
3469	7	25	-18
3470	7	25	-18
3471	7	25	-18
3472	7	25	-18
3473	7	25	-18
3474	7	25	-18
3475	7	25	-18
3476	7	25	-18
3477	7	25	-18
3478	7	25	-18
3479	7	25	-18
3480	7	25	-18
3481	7	25	-18
3482	7	25	-18
3483	7	25	-18
3484	7	25	-18
3485	7	25	-18
3486	7	25	-18
3487	7	25	-18
3488	7	25	-18
3489	7	25	-18
3490	7	25	-18
3491	7	25	-18
3492	7	25	-18
3493	7	25	-18
3494	7	25	-18
3495	7	25	-18
3496	7	25	-18
3497	7	25	-18
3498	7	25	-18
3499	7	25	-18
3500	7	25	-18
3501	8	25	-17
3502	8	25	-17
3503	8	25	-17
3504	8	25	-17
3505	8	25	-17
3506	8	25	-17
3507	8	25	-17
3508	8	25	-17
3509	8	25	-17
3510	8	25	-17
3511	8	25	-17
3512	8	25	-17
3513	8	25	-17
3514	8	25	-17
3515	8	25	-17
3516	8	25	-17
3517	8	25	-17
3518	8	25	-17
3519	8	25	-17
3520	8	25	-17
3521	8	25	-17
3522	8	25	-17
3523	8	25	-17
3524	8	25	-17
3525	8	25	-17
3526	8	25	-17
3527	8	25	-17
3528	8	25	-17
3529	8	25	-17
3530	8	25	-17
3531	8	25	-17
3532	8	25	-17
3533	8	25	-17
3534	8	25	-17
3535	8	25	-17
3536	8	25	-17
3537	8	25	-17
3538	8	25	-17
3539	8	25	-17
3540	8	25	-17
3541	8	25	-17
3542	8	25	-17
3543	8	25	-17
3544	8	25	-17
3545	8	25	-17
3546	8	25	-17
3547	8	25	-17
3548	8	25	-17
3549	8	25	-17
3550	8	25	-17
3551	8	25	-17
3552	8	25	-17
3553	8	25	-17
3554	8	25	-17
3555	8	25	-17
3556	8	25	-17
3557	8	25	-17
3558	8	25	-17
3559	8	25	-17
3560	8	25	-17
3561	8	25	-17
3562	8	25	-17
3563	8	25	-17
3564	8	25	-17
3565	8	25	-17
3566	8	25	-17
3567	8	25	-17
3568	8	25	-17
3569	8	25	-17
3570	8	25	-17
3571	8	25	-17
3572	8	25	-17
3573	8	25	-17
3574	8	25	-17
3575	8	25	-17
3576	8	25	-17
3577	8	25	-17
3578	8	25	-17
3579	8	25	-17
3580	8	25	-17
3581	8	25	-17
3582	8	25	-17
3583	8	25	-17
3584	8	25	-17
3585	8	25	-17
3586	8	25	-17
3587	8	25	-17
3588	8	25	-17
3589	8	25	-17
3590	8	25	-17
3591	8	25	-17
3592	8	25	-17
3593	8	25	-17
3594	8	25	-17
3595	8	25	-17
3596	8	25	-17
3597	8	25	-17
3598	8	25	-17
3599	8	25	-17
3600	8	25	-17
3601	8	25	-17
3602	8	25	-17
3603	8	25	-17
3604	8	25	-17
3605	8	25	-17
3606	8	25	-17
3607	8	25	-17
3608	8	25	-17
3609	8	25	-17
3610	8	25	-17
3611	8	25	-17
3612	8	25	-17
3613	8	25	-17
3614	8	25	-17
3615	8	25	-17
3616	8	25	-17
3617	8	25	-17
3618	8	25	-17
3619	8	25	-17
3620	8	25	-17
3621	8	25	-17
3622	8	25	-17
3623	8	25	-17
3624	8	25	-17
3625	8	25	-17
3626	8	25	-17
3627	8	25	-17
3628	8	25	-17
3629	8	25	-17
3630	8	25	-17
3631	8	25	-17
3632	8	25	-17
3633	8	25	-17
3634	8	25	-17
3635	8	25	-17
3636	8	25	-17
3637	8	25	-17
3638	8	25	-17
3639	8	25	-17
3640	8	25	-17
3641	8	25	-17
3642	8	25	-17
3643	8	25	-17
3644	8	25	-17
3645	8	25	-17
3646	8	25	-17
3647	8	25	-17
3648	8	25	-17
3649	8	25	-17
3650	8	25	-17
3651	8	25	-17
3652	8	25	-17
3653	8	25	-17
3654	8	25	-17
3655	8	25	-17
3656	8	25	-17
3657	8	25	-17
3658	8	25	-17
3659	8	25	-17
3660	8	25	-17
3661	8	25	-17
3662	8	25	-17
3663	8	25	-17
3664	8	25	-17
3665	8	25	-17
3666	8	25	-17
3667	8	25	-17
3668	8	25	-17
3669	8	25	-17
3670	8	25	-17
3671	8	25	-17
3672	8	25	-17
3673	8	25	-17
3674	8	25	-17
3675	8	25	-17
3676	8	25	-17
3677	8	25	-17
3678	8	25	-17
3679	8	25	-17
3680	8	25	-17
3681	8	25	-17
3682	8	25	-17
3683	8	25	-17
3684	8	25	-17
3685	8	25	-17
3686	8	25	-17
3687	8	25	-17
3688	8	25	-17
3689	8	25	-17
3690	8	25	-17
3691	8	25	-17
3692	8	25	-17
3693	8	25	-17
3694	8	25	-17
3695	8	25	-17
3696	8	25	-17
3697	8	25	-17
3698	8	25	-17
3699	8	25	-17
3700	8	25	-17
3701	8	25	-17
3702	8	25	-17
3703	8	25	-17
3704	8	25	-17
3705	8	25	-17
3706	8	25	-17
3707	8	25	-17
3708	8	25	-17
3709	8	25	-17
3710	8	25	-17
3711	8	25	-17
3712	8	25	-17
3713	8	25	-17
3714	8	25	-17
3715	8	25	-17
3716	8	25	-17
3717	8	25	-17
3718	8	25	-17
3719	8	25	-17
3720	8	25	-17
3721	8	25	-17
3722	8	25	-17
3723	8	25	-17
3724	8	25	-17
3725	8	25	-17
3726	8	25	-17
3727	8	25	-17
3728	8	25	-17
3729	8	25	-17
3730	8	25	-17
3731	8	25	-17
3732	8	25	-17
3733	8	25	-17
3734	8	25	-17
3735	8	25	-17
3736	8	25	-17
3737	8	25	-17
3738	8	25	-17
3739	8	25	-17
3740	8	25	-17
3741	8	25	-17
3742	8	25	-17
3743	8	25	-17
3744	8	25	-17
3745	8	25	-17
3746	8	25	-17
3747	8	25	-17
3748	8	25	-17
3749	8	25	-17
3750	8	25	-17
3751	8	25	-17
3752	8	25	-17
3753	8	25	-17
3754	8	25	-17
3755	8	25	-17
3756	8	25	-17
3757	8	25	-17
3758	8	25	-17
3759	8	25	-17
3760	8	25	-17
3761	8	25	-17
3762	8	25	-17
3763	8	25	-17
3764	8	25	-17
3765	8	25	-17
3766	8	25	-17
3767	8	25	-17
3768	8	25	-17
3769	8	25	-17
3770	8	25	-17
3771	8	25	-17
3772	8	25	-17
3773	8	25	-17
3774	8	25	-17
3775	8	25	-17
3776	8	25	-17
3777	8	25	-17
3778	8	25	-17
3779	8	25	-17
3780	8	25	-17
3781	8	25	-17
3782	8	25	-17
3783	8	25	-17
3784	8	25	-17
3785	8	25	-17
3786	8	25	-17
3787	8	25	-17
3788	8	25	-17
3789	8	25	-17
3790	8	25	-17
3791	8	25	-17
3792	8	25	-17
3793	8	25	-17
3794	8	25	-17
3795	8	25	-17
3796	8	25	-17
3797	8	25	-17
3798	8	25	-17
3799	8	25	-17
3800	8	25	-17
3801	8	25	-17
3802	8	25	-17
3803	8	25	-17
3804	8	25	-17
3805	8	25	-17
3806	8	25	-17
3807	8	25	-17
3808	8	25	-17
3809	8	25	-17
3810	8	25	-17
3811	8	25	-17
3812	8	25	-17
3813	8	25	-17
3814	8	25	-17
3815	8	25	-17
3816	8	25	-17
3817	8	25	-17
3818	8	25	-17
3819	8	25	-17
3820	8	25	-17
3821	8	25	-17
3822	8	25	-17
3823	8	25	-17
3824	8	25	-17
3825	8	25	-17
3826	8	25	-17
3827	8	25	-17
3828	8	25	-17
3829	8	25	-17
3830	8	25	-17
3831	8	25	-17
3832	8	25	-17
3833	8	25	-17
3834	8	25	-17
3835	8	25	-17
3836	8	25	-17
3837	8	25	-17
3838	8	25	-17
3839	8	25	-17
3840	8	25	-17
3841	8	25	-17
3842	8	25	-17
3843	8	25	-17
3844	8	25	-17
3845	8	25	-17
3846	8	25	-17
3847	8	25	-17
3848	8	25	-17
3849	8	25	-17
3850	8	25	-17
3851	8	25	-17
3852	8	25	-17
3853	8	25	-17
3854	8	25	-17
3855	8	25	-17
3856	8	25	-17
3857	8	25	-17
3858	8	25	-17
3859	8	25	-17
3860	8	25	-17
3861	8	25	-17
3862	8	25	-17
3863	8	25	-17
3864	8	25	-17
3865	8	25	-17
3866	8	25	-17
3867	8	25	-17
3868	8	25	-17
3869	8	25	-17
3870	8	25	-17
3871	8	25	-17
3872	8	25	-17
3873	8	25	-17
3874	8	25	-17
3875	8	25	-17
3876	8	25	-17
3877	8	25	-17
3878	8	25	-17
3879	8	25	-17
3880	8	25	-17
3881	8	25	-17
3882	8	25	-17
3883	8	25	-17
3884	8	25	-17
3885	8	25	-17
3886	8	25	-17
3887	8	25	-17
3888	8	25	-17
3889	8	25	-17
3890	8	25	-17
3891	8	25	-17
3892	8	25	-17
3893	8	25	-17
3894	8	25	-17
3895	8	25	-17
3896	8	25	-17
3897	8	25	-17
3898	8	25	-17
3899	8	25	-17
3900	8	25	-17
3901	8	25	-17
3902	8	25	-17
3903	8	25	-17
3904	8	25	-17
3905	8	25	-17
3906	8	25	-17
3907	8	25	-17
3908	8	25	-17
3909	8	25	-17
3910	8	25	-17
3911	8	25	-17
3912	8	25	-17
3913	8	25	-17
3914	8	25	-17
3915	8	25	-17
3916	8	25	-17
3917	8	25	-17
3918	8	25	-17
3919	8	25	-17
3920	8	25	-17
3921	8	25	-17
3922	8	25	-17
3923	8	25	-17
3924	8	25	-17
3925	8	25	-17
3926	8	25	-17
3927	8	25	-17
3928	8	25	-17
3929	8	25	-17
3930	8	25	-17
3931	8	25	-17
3932	8	25	-17
3933	8	25	-17
3934	8	25	-17
3935	8	25	-17
3936	8	25	-17
3937	8	25	-17
3938	8	25	-17
3939	8	25	-17
3940	8	25	-17
3941	8	25	-17
3942	8	25	-17
3943	8	25	-17
3944	8	25	-17
3945	8	25	-17
3946	8	25	-17
3947	8	25	-17
3948	8	25	-17
3949	8	25	-17
3950	8	25	-17
3951	8	25	-17
3952	8	25	-17
3953	8	25	-17
3954	8	25	-17
3955	8	25	-17
3956	8	25	-17
3957	8	25	-17
3958	8	25	-17
3959	8	25	-17
3960	8	25	-17
3961	8	25	-17
3962	8	25	-17
3963	8	25	-17
3964	8	25	-17
3965	8	25	-17
3966	8	25	-17
3967	8	25	-17
3968	8	25	-17
3969	8	25	-17
3970	8	25	-17
3971	8	25	-17
3972	8	25	-17
3973	8	25	-17
3974	8	25	-17
3975	8	25	-17
3976	8	25	-17
3977	8	25	-17
3978	8	25	-17
3979	8	25	-17
3980	8	25	-17
3981	8	25	-17
3982	8	25	-17
3983	8	25	-17
3984	8	25	-17
3985	8	25	-17
3986	8	25	-17
3987	8	25	-17
3988	8	25	-17
3989	8	25	-17
3990	8	25	-17
3991	8	25	-17
3992	8	25	-17
3993	8	25	-17
3994	8	25	-17
3995	8	25	-17
3996	8	25	-17
3997	8	25	-17
3998	8	25	-17
3999	8	25	-17
4000	8	25	-17
4001	8	25	-17
4002	8	25	-17
4003	8	25	-17
4004	8	25	-17
4005	8	25	-17
4006	8	25	-17
4007	8	25	-17
4008	8	25	-17
4009	8	25	-17
4010	8	25	-17
4011	8	25	-17
4012	8	25	-17
4013	8	25	-17
4014	8	25	-17
4015	8	25	-17
4016	8	25	-17
4017	8	25	-17
4018	8	25	-17
4019	8	25	-17
4020	8	25	-17
4021	8	25	-17
4022	8	25	-17
4023	8	25	-17
4024	8	25	-17
4025	8	25	-17
4026	8	25	-17
4027	8	25	-17
4028	8	25	-17
4029	8	25	-17
4030	8	25	-17
4031	8	25	-17
4032	8	25	-17
4033	8	25	-17
4034	8	25	-17
4035	8	25	-17
4036	8	25	-17
4037	8	25	-17
4038	8	25	-17
4039	8	25	-17
4040	8	25	-17
4041	8	25	-17
4042	8	25	-17
4043	8	25	-17
4044	8	25	-17
4045	8	25	-17
4046	8	25	-17
4047	8	25	-17
4048	8	25	-17
4049	8	25	-17
4050	8	25	-17
4051	8	25	-17
4052	8	25	-17
4053	8	25	-17
4054	8	25	-17
4055	8	25	-17
4056	8	25	-17
4057	8	25	-17
4058	8	25	-17
4059	8	25	-17
4060	8	25	-17
4061	8	25	-17
4062	8	25	-17
4063	8	25	-17
4064	8	25	-17
4065	8	25	-17
4066	8	25	-17
4067	8	25	-17
4068	8	25	-17
4069	8	25	-17
4070	8	25	-17
4071	8	25	-17
4072	8	25	-17
4073	8	25	-17
4074	8	25	-17
4075	8	25	-17
4076	8	25	-17
4077	8	25	-17
4078	8	25	-17
4079	8	25	-17
4080	8	25	-17
4081	8	25	-17
4082	8	25	-17
4083	8	25	-17
4084	8	25	-17
4085	8	25	-17
4086	8	25	-17
4087	8	25	-17
4088	8	25	-17
4089	8	25	-17
4090	8	25	-17
4091	8	25	-17
4092	8	25	-17
4093	8	25	-17
4094	8	25	-17
4095	8	25	-17
4096	8	25	-17
4097	8	25	-17
4098	8	25	-17
4099	8	25	-17
4100	8	25	-17
4101	8	25	-17
4102	8	25	-17
4103	8	25	-17
4104	8	25	-17
4105	8	25	-17
4106	8	25	-17
4107	8	25	-17
4108	8	25	-17
4109	8	25	-17
4110	8	25	-17
4111	8	25	-17
4112	8	25	-17
4113	8	25	-17
4114	8	25	-17
4115	8	25	-17
4116	8	25	-17
4117	8	25	-17
4118	8	25	-17
4119	8	25	-17
4120	8	25	-17
4121	8	25	-17
4122	8	25	-17
4123	8	25	-17
4124	8	25	-17
4125	8	25	-17
4126	8	25	-17
4127	8	25	-17
4128	8	25	-17
4129	8	25	-17
4130	8	25	-17
4131	8	25	-17
4132	8	25	-17
4133	8	25	-17
4134	8	25	-17
4135	8	25	-17
4136	8	25	-17
4137	8	25	-17
4138	8	25	-17
4139	8	25	-17
4140	8	25	-17
4141	8	25	-17
4142	8	25	-17
4143	8	25	-17
4144	8	25	-17
4145	8	25	-17
4146	8	25	-17
4147	8	25	-17
4148	8	25	-17
4149	8	25	-17
4150	8	25	-17
4151	8	25	-17
4152	8	25	-17
4153	8	25	-17
4154	8	25	-17
4155	8	25	-17
4156	8	25	-17
4157	8	25	-17
4158	8	25	-17
4159	8	25	-17
4160	8	25	-17
4161	8	25	-17
4162	8	25	-17
4163	8	25	-17
4164	8	25	-17
4165	8	25	-17
4166	8	25	-17
4167	8	25	-17
4168	8	25	-17
4169	8	25	-17
4170	8	25	-17
4171	8	25	-17
4172	8	25	-17
4173	8	25	-17
4174	8	25	-17
4175	8	25	-17
4176	8	25	-17
4177	8	25	-17
4178	8	25	-17
4179	8	25	-17
4180	8	25	-17
4181	8	25	-17
4182	8	25	-17
4183	8	25	-17
4184	8	25	-17
4185	8	25	-17
4186	8	25	-17
4187	8	25	-17
4188	8	25	-17
4189	8	25	-17
4190	8	25	-17
4191	8	25	-17
4192	8	25	-17
4193	8	25	-17
4194	8	25	-17
4195	8	25	-17
4196	8	25	-17
4197	8	25	-17
4198	8	25	-17
4199	8	25	-17
4200	8	25	-17
4201	8	25	-17
4202	8	25	-17
4203	8	25	-17
4204	8	25	-17
4205	8	25	-17
4206	8	25	-17
4207	8	25	-17
4208	8	25	-17
4209	8	25	-17
4210	8	25	-17
4211	8	25	-17
4212	8	25	-17
4213	8	25	-17
4214	8	25	-17
4215	8	25	-17
4216	8	25	-17
4217	8	25	-17
4218	8	25	-17
4219	8	25	-17
4220	8	25	-17
4221	8	25	-17
4222	8	25	-17
4223	8	25	-17
4224	8	25	-17
4225	8	25	-17
4226	8	25	-17
4227	8	25	-17
4228	8	25	-17
4229	8	25	-17
4230	8	25	-17
4231	8	25	-17
4232	8	25	-17
4233	8	25	-17
4234	8	25	-17
4235	8	25	-17
4236	8	25	-17
4237	8	25	-17
4238	8	25	-17
4239	8	25	-17
4240	8	25	-17
4241	8	25	-17
4242	8	25	-17
4243	8	25	-17
4244	8	25	-17
4245	8	25	-17
4246	8	25	-17
4247	8	25	-17
4248	8	25	-17
4249	8	25	-17
4250	8	25	-17
4251	8	25	-17
4252	8	25	-17
4253	8	25	-17
4254	8	25	-17
4255	8	25	-17
4256	8	25	-17
4257	8	25	-17
4258	8	25	-17
4259	8	25	-17
4260	8	25	-17
4261	8	25	-17
4262	8	25	-17
4263	8	25	-17
4264	8	25	-17
4265	8	25	-17
4266	8	25	-17
4267	8	25	-17
4268	8	25	-17
4269	8	25	-17
4270	8	25	-17
4271	8	25	-17
4272	8	25	-17
4273	8	25	-17
4274	8	25	-17
4275	8	25	-17
4276	8	25	-17
4277	8	25	-17
4278	8	25	-17
4279	8	25	-17
4280	8	25	-17
4281	8	25	-17
4282	8	25	-17
4283	8	25	-17
4284	8	25	-17
4285	8	25	-17
4286	8	25	-17
4287	8	25	-17
4288	8	25	-17
4289	8	25	-17
4290	8	25	-17
4291	8	25	-17
4292	8	25	-17
4293	8	25	-17
4294	8	25	-17
4295	8	25	-17
4296	8	25	-17
4297	8	25	-17
4298	8	25	-17
4299	8	25	-17
4300	8	25	-17
4301	8	25	-17
4302	8	25	-17
4303	8	25	-17
4304	8	25	-17
4305	8	25	-17
4306	8	25	-17
4307	8	25	-17
4308	8	25	-17
4309	8	25	-17
4310	8	25	-17
4311	8	25	-17
4312	8	25	-17
4313	8	25	-17
4314	8	25	-17
4315	8	25	-17
4316	8	25	-17
4317	8	25	-17
4318	8	25	-17
4319	8	25	-17
4320	8	25	-17
4321	8	25	-17
4322	8	25	-17
4323	8	25	-17
4324	8	25	-17
4325	8	25	-17
4326	8	25	-17
4327	8	25	-17
4328	8	25	-17
4329	8	25	-17
4330	8	25	-17
4331	8	25	-17
4332	8	25	-17
4333	8	25	-17
4334	8	25	-17
4335	8	25	-17
4336	8	25	-17
4337	8	25	-17
4338	8	25	-17
4339	8	25	-17
4340	8	25	-17
4341	8	25	-17
4342	8	25	-17
4343	8	25	-17
4344	8	25	-17
4345	8	25	-17
4346	8	25	-17
4347	8	25	-17
4348	8	25	-17
4349	8	25	-17
4350	8	25	-17
4351	8	25	-17
4352	8	25	-17
4353	8	25	-17
4354	8	25	-17
4355	8	25	-17
4356	8	25	-17
4357	8	25	-17
4358	8	25	-17
4359	8	25	-17
4360	8	25	-17
4361	8	25	-17
4362	8	25	-17
4363	8	25	-17
4364	8	25	-17
4365	8	25	-17
4366	8	25	-17
4367	8	25	-17
4368	8	25	-17
4369	8	25	-17
4370	8	25	-17
4371	8	25	-17
4372	8	25	-17
4373	8	25	-17
4374	8	25	-17
4375	8	25	-17
4376	8	25	-17
4377	8	25	-17
4378	8	25	-17
4379	8	25	-17
4380	8	25	-17
4381	8	25	-17
4382	8	25	-17
4383	8	25	-17
4384	8	25	-17
4385	8	25	-17
4386	8	25	-17
4387	8	25	-17
4388	8	25	-17
4389	8	25	-17
4390	8	25	-17
4391	8	25	-17
4392	8	25	-17
4393	8	25	-17
4394	8	25	-17
4395	8	25	-17
4396	8	25	-17
4397	8	25	-17
4398	8	25	-17
4399	8	25	-17
4400	8	25	-17
4401	8	25	-17
4402	8	25	-17
4403	8	25	-17
4404	8	25	-17
4405	8	25	-17
4406	8	25	-17
4407	8	25	-17
4408	8	25	-17
4409	8	25	-17
4410	8	25	-17
4411	8	25	-17
4412	8	25	-17
4413	8	25	-17
4414	8	25	-17
4415	8	25	-17
4416	8	25	-17
4417	8	25	-17
4418	8	25	-17
4419	8	25	-17
4420	8	25	-17
4421	8	25	-17
4422	8	25	-17
4423	8	25	-17
4424	8	25	-17
4425	8	25	-17
4426	8	25	-17
4427	8	25	-17
4428	8	25	-17
4429	8	25	-17
4430	8	25	-17
4431	8	25	-17
4432	8	25	-17
4433	8	25	-17
4434	8	25	-17
4435	8	25	-17
4436	8	25	-17
4437	8	25	-17
4438	8	25	-17
4439	8	25	-17
4440	8	25	-17
4441	8	25	-17
4442	8	25	-17
4443	8	25	-17
4444	8	25	-17
4445	8	25	-17
4446	8	25	-17
4447	8	25	-17
4448	8	25	-17
4449	8	25	-17
4450	8	25	-17
4451	8	25	-17
4452	8	25	-17
4453	8	25	-17
4454	8	25	-17
4455	8	25	-17
4456	8	25	-17
4457	8	25	-17
4458	8	25	-17
4459	8	25	-17
4460	8	25	-17
4461	8	25	-17
4462	8	25	-17
4463	8	25	-17
4464	8	25	-17
4465	8	25	-17
4466	8	25	-17
4467	8	25	-17
4468	8	25	-17
4469	8	25	-17
4470	8	25	-17
4471	8	25	-17
4472	8	25	-17
4473	8	25	-17
4474	8	25	-17
4475	8	25	-17
4476	8	25	-17
4477	8	25	-17
4478	8	25	-17
4479	8	25	-17
4480	8	25	-17
4481	8	25	-17
4482	8	25	-17
4483	8	25	-17
4484	8	25	-17
4485	8	25	-17
4486	8	25	-17
4487	8	25	-17
4488	8	25	-17
4489	8	25	-17
4490	8	25	-17
4491	8	25	-17
4492	8	25	-17
4493	8	25	-17
4494	8	25	-17
4495	8	25	-17
4496	8	25	-17
4497	8	25	-17
4498	8	25	-17
4499	8	25	-17
4500	8	25	-17
4501	8	25	-17
4502	8	25	-17
4503	8	25	-17
4504	8	25	-17
4505	8	25	-17
4506	8	25	-17
4507	8	25	-17
4508	8	25	-17
4509	8	25	-17
4510	8	25	-17
4511	8	25	-17
4512	8	25	-17
4513	8	25	-17
4514	8	25	-17
4515	8	25	-17
4516	8	25	-17
4517	8	25	-17
4518	8	25	-17
4519	8	25	-17
4520	8	25	-17
4521	8	25	-17
4522	8	25	-17
4523	8	25	-17
4524	8	25	-17
4525	8	25	-17
4526	8	25	-17
4527	8	25	-17
4528	8	25	-17
4529	8	25	-17
4530	8	25	-17
4531	8	25	-17
4532	8	25	-17
4533	8	25	-17
4534	8	25	-17
4535	8	25	-17
4536	8	25	-17
4537	8	25	-17
4538	8	25	-17
4539	8	25	-17
4540	8	25	-17
4541	8	25	-17
4542	8	25	-17
4543	8	25	-17
4544	8	25	-17
4545	8	25	-17
4546	8	25	-17
4547	8	25	-17
4548	8	25	-17
4549	8	25	-17
4550	8	25	-17
4551	8	25	-17
4552	8	25	-17
4553	8	25	-17
4554	8	25	-17
4555	8	25	-17
4556	8	25	-17
4557	8	25	-17
4558	8	25	-17
4559	8	25	-17
4560	8	25	-17
4561	8	25	-17
4562	8	25	-17
4563	8	25	-17
4564	8	25	-17
4565	8	25	-17
4566	8	25	-17
4567	8	25	-17
4568	8	25	-17
4569	8	25	-17
4570	8	25	-17
4571	8	25	-17
4572	8	25	-17
4573	8	25	-17
4574	8	25	-17
4575	8	25	-17
4576	8	25	-17
4577	8	25	-17
4578	8	25	-17
4579	8	25	-17
4580	8	25	-17
4581	8	25	-17
4582	8	25	-17
4583	8	25	-17
4584	8	25	-17
4585	8	25	-17
4586	8	25	-17
4587	8	25	-17
4588	8	25	-17
4589	8	25	-17
4590	8	25	-17
4591	8	25	-17
4592	8	25	-17
4593	8	25	-17
4594	8	25	-17
4595	8	25	-17
4596	8	25	-17
4597	8	25	-17
4598	8	25	-17
4599	8	25	-17
4600	8	25	-17
4601	8	25	-17
4602	8	25	-17
4603	8	25	-17
4604	8	25	-17
4605	8	25	-17
4606	8	25	-17
4607	8	25	-17
4608	8	25	-17
4609	8	25	-17
4610	8	25	-17
4611	8	25	-17
4612	8	25	-17
4613	8	25	-17
4614	8	25	-17
4615	8	25	-17
4616	8	25	-17
4617	8	25	-17
4618	8	25	-17
4619	8	25	-17
4620	8	25	-17
4621	8	25	-17
4622	8	25	-17
4623	8	25	-17
4624	8	25	-17
4625	8	25	-17
4626	8	25	-17
4627	8	25	-17
4628	8	25	-17
4629	8	25	-17
4630	8	25	-17
4631	8	25	-17
4632	8	25	-17
4633	8	25	-17
4634	8	25	-17
4635	8	25	-17
4636	8	25	-17
4637	8	25	-17
4638	8	25	-17
4639	8	25	-17
4640	8	25	-17
4641	8	25	-17
4642	8	25	-17
4643	8	25	-17
4644	8	25	-17
4645	8	25	-17
4646	8	25	-17
4647	8	25	-17
4648	8	25	-17
4649	8	25	-17
4650	8	25	-17
4651	8	25	-17
4652	8	25	-17
4653	8	25	-17
4654	8	25	-17
4655	8	25	-17
4656	8	25	-17
4657	8	25	-17
4658	8	25	-17
4659	8	25	-17
4660	8	25	-17
4661	8	25	-17
4662	8	25	-17
4663	8	25	-17
4664	8	25	-17
4665	8	25	-17
4666	8	25	-17
4667	8	25	-17
4668	8	25	-17
4669	8	25	-17
4670	8	25	-17
4671	8	25	-17
4672	8	25	-17
4673	8	25	-17
4674	8	25	-17
4675	8	25	-17
4676	8	25	-17
4677	8	25	-17
4678	8	25	-17
4679	8	25	-17
4680	8	25	-17
4681	8	25	-17
4682	8	25	-17
4683	8	25	-17
4684	8	25	-17
4685	8	25	-17
4686	8	25	-17
4687	8	25	-17
4688	8	25	-17
4689	8	25	-17
4690	8	25	-17
4691	8	25	-17
4692	8	25	-17
4693	8	25	-17
4694	8	25	-17
4695	8	25	-17
4696	8	25	-17
4697	8	25	-17
4698	8	25	-17
4699	8	25	-17
4700	8	25	-17
4701	8	25	-17
4702	8	25	-17
4703	8	25	-17
4704	8	25	-17
4705	8	25	-17
4706	8	25	-17
4707	8	25	-17
4708	8	25	-17
4709	8	25	-17
4710	8	25	-17
4711	8	25	-17
4712	8	25	-17
4713	8	25	-17
4714	8	25	-17
4715	8	25	-17
4716	8	25	-17
4717	8	25	-17
4718	8	25	-17
4719	8	25	-17
4720	8	25	-17
4721	8	25	-17
4722	8	25	-17
4723	8	25	-17
4724	8	25	-17
4725	8	25	-17
4726	8	25	-17
4727	8	25	-17
4728	8	25	-17
4729	8	25	-17
4730	8	25	-17
4731	8	25	-17
4732	8	25	-17
4733	8	25	-17
4734	8	25	-17
4735	8	25	-17
4736	8	25	-17
4737	8	25	-17
4738	8	25	-17
4739	8	25	-17
4740	8	25	-17
4741	8	25	-17
4742	8	25	-17
4743	8	25	-17
4744	8	25	-17
4745	8	25	-17
4746	8	25	-17
4747	8	25	-17
4748	8	25	-17
4749	8	25	-17
4750	8	25	-17
4751	8	25	-17
4752	8	25	-17
4753	8	25	-17
4754	8	25	-17
4755	8	25	-17
4756	8	25	-17
4757	8	25	-17
4758	8	25	-17
4759	8	25	-17
4760	8	25	-17
4761	8	25	-17
4762	8	25	-17
4763	8	25	-17
4764	8	25	-17
4765	8	25	-17
4766	8	25	-17
4767	8	25	-17
4768	8	25	-17
4769	8	25	-17
4770	8	25	-17
4771	8	25	-17
4772	8	25	-17
4773	8	25	-17
4774	8	25	-17
4775	8	25	-17
4776	8	25	-17
4777	8	25	-17
4778	8	25	-17
4779	8	25	-17
4780	8	25	-17
4781	8	25	-17
4782	8	25	-17
4783	8	25	-17
4784	8	25	-17
4785	8	25	-17
4786	8	25	-17
4787	8	25	-17
4788	8	25	-17
4789	8	25	-17
4790	8	25	-17
4791	8	25	-17
4792	8	25	-17
4793	8	25	-17
4794	8	25	-17
4795	8	25	-17
4796	8	25	-17
4797	8	25	-17
4798	8	25	-17
4799	8	25	-17
4800	8	25	-17
4801	8	25	-17
4802	8	25	-17
4803	8	25	-17
4804	8	25	-17
4805	8	25	-17
4806	8	25	-17
4807	8	25	-17
4808	8	25	-17
4809	8	25	-17
4810	8	25	-17
4811	8	25	-17
4812	8	25	-17
4813	8	25	-17
4814	8	25	-17
4815	8	25	-17
4816	8	25	-17
4817	8	25	-17
4818	8	25	-17
4819	8	25	-17
4820	8	25	-17
4821	8	25	-17
4822	8	25	-17
4823	8	25	-17
4824	8	25	-17
4825	8	25	-17
4826	8	25	-17
4827	8	25	-17
4828	8	25	-17
4829	8	25	-17
4830	8	25	-17
4831	8	25	-17
4832	8	25	-17
4833	8	25	-17
4834	8	25	-17
4835	8	25	-17
4836	8	25	-17
4837	8	25	-17
4838	8	25	-17
4839	8	25	-17
4840	8	25	-17
4841	8	25	-17
4842	8	25	-17
4843	8	25	-17
4844	8	25	-17
4845	8	25	-17
4846	8	25	-17
4847	8	25	-17
4848	8	25	-17
4849	8	25	-17
4850	8	25	-17
4851	8	25	-17
4852	8	25	-17
4853	8	25	-17
4854	8	25	-17
4855	8	25	-17
4856	8	25	-17
4857	8	25	-17
4858	8	25	-17
4859	8	25	-17
4860	8	25	-17
4861	8	25	-17
4862	8	25	-17
4863	8	25	-17
4864	8	25	-17
4865	8	25	-17
4866	8	25	-17
4867	8	25	-17
4868	8	25	-17
4869	8	25	-17
4870	8	25	-17
4871	8	25	-17
4872	8	25	-17
4873	8	25	-17
4874	8	25	-17
4875	8	25	-17
4876	8	25	-17
4877	8	25	-17
4878	8	25	-17
4879	8	25	-17
4880	8	25	-17
4881	8	25	-17
4882	8	25	-17
4883	8	25	-17
4884	8	25	-17
4885	8	25	-17
4886	8	25	-17
4887	8	25	-17
4888	8	25	-17
4889	8	25	-17
4890	8	25	-17
4891	8	25	-17
4892	8	25	-17
4893	8	25	-17
4894	8	25	-17
4895	8	25	-17
4896	8	25	-17
4897	8	25	-17
4898	8	25	-17
4899	8	25	-17
4900	8	25	-17
4901	8	25	-17
4902	8	25	-17
4903	8	25	-17
4904	8	25	-17
4905	8	25	-17
4906	8	25	-17
4907	8	25	-17
4908	8	25	-17
4909	8	25	-17
4910	8	25	-17
4911	8	25	-17
4912	8	25	-17
4913	8	25	-17
4914	8	25	-17
4915	8	25	-17
4916	8	25	-17
4917	8	25	-17
4918	8	25	-17
4919	8	25	-17
4920	8	25	-17
4921	8	25	-17
4922	8	25	-17
4923	8	25	-17
4924	8	25	-17
4925	8	25	-17
4926	8	25	-17
4927	8	25	-17
4928	8	25	-17
4929	8	25	-17
4930	8	25	-17
4931	8	25	-17
4932	8	25	-17
4933	8	25	-17
4934	8	25	-17
4935	8	25	-17
4936	8	25	-17
4937	8	25	-17
4938	8	25	-17
4939	8	25	-17
4940	8	25	-17
4941	8	25	-17
4942	8	25	-17
4943	8	25	-17
4944	8	25	-17
4945	8	25	-17
4946	8	25	-17
4947	8	25	-17
4948	8	25	-17
4949	8	25	-17
4950	8	25	-17
4951	8	25	-17
4952	8	25	-17
4953	8	25	-17
4954	8	25	-17
4955	8	25	-17
4956	8	25	-17
4957	8	25	-17
4958	8	25	-17
4959	8	25	-17
4960	8	25	-17
4961	8	25	-17
4962	8	25	-17
4963	8	25	-17
4964	8	25	-17
4965	8	25	-17
4966	8	25	-17
4967	8	25	-17
4968	8	25	-17
4969	8	25	-17
4970	8	25	-17
4971	8	25	-17
4972	8	25	-17
4973	8	25	-17
4974	8	25	-17
4975	8	25	-17
4976	8	25	-17
4977	8	25	-17
4978	8	25	-17
4979	8	25	-17
4980	8	25	-17
4981	8	25	-17
4982	8	25	-17
4983	8	25	-17
4984	8	25	-17
4985	8	25	-17
4986	8	25	-17
4987	8	25	-17
4988	8	25	-17
4989	8	25	-17
4990	8	25	-17
4991	8	25	-17
4992	8	25	-17
4993	8	25	-17
4994	8	25	-17
4995	8	25	-17
4996	8	25	-17
4997	8	25	-17
4998	8	25	-17
4999	8	25	-17
5000	8	25	-17
5001	8	25	-17
5002	8	25	-17
5003	8	25	-17
5004	8	25	-17
5005	8	25	-17
5006	8	25	-17
5007	8	25	-17
5008	8	25	-17
5009	8	25	-17
5010	8	25	-17
5011	8	25	-17
5012	8	25	-17
5013	8	25	-17
5014	8	25	-17
5015	8	25	-17
5016	8	25	-17
5017	8	25	-17
5018	8	25	-17
5019	8	25	-17
5020	8	25	-17
5021	8	25	-17
5022	8	25	-17
5023	8	25	-17
5024	8	25	-17
5025	8	25	-17
5026	8	25	-17
5027	8	25	-17
5028	8	25	-17
5029	8	25	-17
5030	8	25	-17
5031	8	25	-17
5032	8	25	-17
5033	8	25	-17
5034	8	25	-17
5035	8	25	-17
5036	8	25	-17
5037	8	25	-17
5038	8	25	-17
5039	8	25	-17
5040	8	25	-17
5041	8	25	-17
5042	8	25	-17
5043	8	25	-17
5044	8	25	-17
5045	8	25	-17
5046	8	25	-17
5047	8	25	-17
5048	8	25	-17
5049	8	25	-17
5050	8	25	-17
5051	8	25	-17
5052	8	25	-17
5053	8	25	-17
5054	8	25	-17
5055	8	25	-17
5056	8	25	-17
5057	8	25	-17
5058	8	25	-17
5059	8	25	-17
5060	8	25	-17
5061	8	25	-17
5062	8	25	-17
5063	8	25	-17
5064	8	25	-17
5065	8	25	-17
5066	8	25	-17
5067	8	25	-17
5068	8	25	-17
5069	8	25	-17
5070	8	25	-17
5071	8	25	-17
5072	8	25	-17
5073	8	25	-17
5074	8	25	-17
5075	8	25	-17
5076	8	25	-17
5077	8	25	-17
5078	8	25	-17
5079	8	25	-17
5080	8	25	-17
5081	8	25	-17
5082	8	25	-17
5083	8	25	-17
5084	8	25	-17
5085	8	25	-17
5086	8	25	-17
5087	8	25	-17
5088	8	25	-17
5089	8	25	-17
5090	8	25	-17
5091	8	25	-17
5092	8	25	-17
5093	8	25	-17
5094	8	25	-17
5095	8	25	-17
5096	8	25	-17
5097	8	25	-17
5098	8	25	-17
5099	8	25	-17
5100	8	25	-17
5101	8	25	-17
5102	8	25	-17
5103	8	25	-17
5104	8	25	-17
5105	8	25	-17
5106	8	25	-17
5107	8	25	-17
5108	8	25	-17
5109	8	25	-17
5110	8	25	-17
5111	8	25	-17
5112	8	25	-17
5113	8	25	-17
5114	8	25	-17
5115	8	25	-17
5116	8	25	-17
5117	8	25	-17
5118	8	25	-17
5119	8	25	-17
5120	8	25	-17
5121	8	25	-17
5122	8	25	-17
5123	8	25	-17
5124	8	25	-17
5125	8	25	-17
5126	8	25	-17
5127	8	25	-17
5128	8	25	-17
5129	8	25	-17
5130	8	25	-17
5131	8	25	-17
5132	8	25	-17
5133	8	25	-17
5134	8	25	-17
5135	8	25	-17
5136	8	25	-17
5137	8	25	-17
5138	8	25	-17
5139	8	25	-17
5140	8	25	-17
5141	8	25	-17
5142	8	25	-17
5143	8	25	-17
5144	8	25	-17
5145	8	25	-17
5146	8	25	-17
5147	8	25	-17
5148	8	25	-17
5149	8	25	-17
5150	8	25	-17
5151	8	25	-17
5152	8	25	-17
5153	8	25	-17
5154	8	25	-17
5155	8	25	-17
5156	8	25	-17
5157	8	25	-17
5158	8	25	-17
5159	8	25	-17
5160	8	25	-17
5161	8	25	-17
5162	8	25	-17
5163	8	25	-17
5164	8	25	-17
5165	8	25	-17
5166	8	25	-17
5167	8	25	-17
5168	8	25	-17
5169	8	25	-17
5170	8	25	-17
5171	8	25	-17
5172	8	25	-17
5173	8	25	-17
5174	8	25	-17
5175	8	25	-17
5176	8	25	-17
5177	8	25	-17
5178	8	25	-17
5179	8	25	-17
5180	8	25	-17
5181	8	25	-17
5182	8	25	-17
5183	8	25	-17
5184	8	25	-17
5185	8	25	-17
5186	8	25	-17
5187	8	25	-17
5188	8	25	-17
5189	8	25	-17
5190	8	25	-17
5191	8	25	-17
5192	8	25	-17
5193	8	25	-17
5194	8	25	-17
5195	8	25	-17
5196	8	25	-17
5197	8	25	-17
5198	8	25	-17
5199	8	25	-17
5200	8	25	-17
5201	8	25	-17
5202	8	25	-17
5203	8	25	-17
5204	8	25	-17
5205	8	25	-17
5206	8	25	-17
5207	8	25	-17
5208	8	25	-17
5209	8	25	-17
5210	8	25	-17
5211	8	25	-17
5212	8	25	-17
5213	8	25	-17
5214	8	25	-17
5215	8	25	-17
5216	8	25	-17
5217	8	25	-17
5218	8	25	-17
5219	8	25	-17
5220	8	25	-17
5221	8	25	-17
5222	8	25	-17
5223	8	25	-17
5224	8	25	-17
5225	8	25	-17
5226	8	25	-17
5227	8	25	-17
5228	8	25	-17
5229	8	25	-17
5230	8	25	-17
5231	8	25	-17
5232	8	25	-17
5233	8	25	-17
5234	8	25	-17
5235	8	25	-17
5236	8	25	-17
5237	8	25	-17
5238	8	25	-17
5239	8	25	-17
5240	8	25	-17
5241	8	25	-17
5242	8	25	-17
5243	8	25	-17
5244	8	25	-17
5245	8	25	-17
5246	8	25	-17
5247	8	25	-17
5248	8	25	-17
5249	8	25	-17
5250	8	25	-17
5251	8	25	-17
5252	8	25	-17
5253	8	25	-17
5254	8	25	-17
5255	8	25	-17
5256	8	25	-17
5257	8	25	-17
5258	8	25	-17
5259	8	25	-17
5260	8	25	-17
5261	8	25	-17
5262	8	25	-17
5263	8	25	-17
5264	8	25	-17
5265	8	25	-17
5266	8	25	-17
5267	8	25	-17
5268	8	25	-17
5269	8	25	-17
5270	8	25	-17
5271	8	25	-17
5272	8	25	-17
5273	8	25	-17
5274	8	25	-17
5275	8	25	-17
5276	8	25	-17
5277	8	25	-17
5278	8	25	-17
5279	8	25	-17
5280	8	25	-17
5281	8	25	-17
5282	8	25	-17
5283	8	25	-17
5284	8	25	-17
5285	8	25	-17
5286	8	25	-17
5287	8	25	-17
5288	8	25	-17
5289	8	25	-17
5290	8	25	-17
5291	8	25	-17
5292	8	25	-17
5293	8	25	-17
5294	8	25	-17
5295	8	25	-17
5296	8	25	-17
5297	8	25	-17
5298	8	25	-17
5299	8	25	-17
5300	8	25	-17
5301	8	25	-17
5302	8	25	-17
5303	8	25	-17
5304	8	25	-17
5305	8	25	-17
5306	8	25	-17
5307	8	25	-17
5308	8	25	-17
5309	8	25	-17
5310	8	25	-17
5311	8	25	-17
5312	8	25	-17
5313	8	25	-17
5314	8	25	-17
5315	8	25	-17
5316	8	25	-17
5317	8	25	-17
5318	8	25	-17
5319	8	25	-17
5320	8	25	-17
5321	8	25	-17
5322	8	25	-17
5323	8	25	-17
5324	8	25	-17
5325	8	25	-17
5326	8	25	-17
5327	8	25	-17
5328	8	25	-17
5329	8	25	-17
5330	8	25	-17
5331	8	25	-17
5332	8	25	-17
5333	8	25	-17
5334	8	25	-17
5335	8	25	-17
5336	8	25	-17
5337	8	25	-17
5338	8	25	-17
5339	8	25	-17
5340	8	25	-17
5341	8	25	-17
5342	8	25	-17
5343	8	25	-17
5344	8	25	-17
5345	8	25	-17
5346	8	25	-17
5347	8	25	-17
5348	8	25	-17
5349	8	25	-17
5350	8	25	-17
                                                                                                                                                                                                                                                                                                                                                                                                                                                                                                                                                                                                                                                                                                                                                                                                                                                                                                                                                                                                                                                                                                                                                                                                                                                                                                                                                                                                                                                                                                                                                                                                                                                                                                                                                                                                                                                                                                                                                                                                                                                                                                                                                                                                                                                                                                                                                                                                                                                                                                                                                                                                                                                                                                                                                                                                                                                                                                                                                                                                                                                                                                                                                                                                                                                                                                                                                                                                                                                                                                          