#Clock	Robots	Obstacles	Score
1	0	0	0
2	0	0	0
3	0	0	0
4	0	0	0
5	0	0	0
6	0	0	0
7	0	0	0
8	0	0	0
9	0	0	0
10	0	0	0
11	0	0	0
12	0	0	0
13	0	0	0
14	0	0	0
15	0	0	0
16	0	0	0
17	0	0	0
18	0	0	0
19	0	0	0
20	0	0	0
21	0	0	0
22	0	0	0
23	0	0	0
24	0	0	0
25	0	0	0
26	0	0	0
27	0	0	0
28	0	0	0
29	0	0	0
30	0	0	0
31	0	0	0
32	0	0	0
33	0	0	0
34	0	0	0
35	0	0	0
36	0	0	0
37	0	0	0
38	0	0	0
39	0	0	0
40	0	0	0
41	0	0	0
42	0	0	0
43	0	0	0
44	0	0	0
45	0	0	0
46	0	0	0
47	0	0	0
48	0	0	0
49	0	0	0
50	0	0	0
51	0	0	0
52	0	0	0
53	0	0	0
54	0	0	0
55	0	0	0
56	0	0	0
57	0	0	0
58	0	0	0
59	0	0	0
60	0	0	0
61	0	0	0
62	0	0	0
63	0	0	0
64	0	0	0
65	0	0	0
66	0	0	0
67	0	0	0
68	0	0	0
69	0	0	0
70	0	0	0
71	0	0	0
72	0	0	0
73	0	0	0
74	0	0	0
75	0	0	0
76	0	0	0
77	0	0	0
78	0	0	0
79	0	0	0
80	0	0	0
81	0	0	0
82	0	0	0
83	0	0	0
84	0	0	0
85	0	0	0
86	0	0	0
87	0	0	0
88	0	0	0
89	0	0	0
90	0	0	0
91	0	0	0
92	0	0	0
93	0	0	0
94	0	0	0
95	0	0	0
96	0	0	0
97	0	0	0
98	0	0	0
99	0	0	0
100	0	0	0
101	0	0	0
102	0	0	0
103	0	0	0
104	0	0	0
105	0	0	0
106	0	0	0
107	0	0	0
108	0	0	0
109	0	0	0
110	0	0	0
111	0	0	0
112	0	0	0
113	0	0	0
114	0	0	0
115	0	0	0
116	0	0	0
117	0	0	0
118	0	0	0
119	0	0	0
120	0	0	0
121	0	0	0
122	0	0	0
123	0	0	0
124	0	0	0
125	0	0	0
126	0	0	0
127	0	0	0
128	0	0	0
129	0	0	0
130	0	0	0
131	0	0	0
132	0	0	0
133	0	0	0
134	0	0	0
135	0	0	0
136	0	0	0
137	0	0	0
138	0	0	0
139	0	0	0
140	0	0	0
141	0	0	0
142	0	0	0
143	0	0	0
144	0	0	0
145	0	0	0
146	0	0	0
147	0	0	0
148	0	0	0
149	0	0	0
150	0	0	0
151	0	0	0
152	0	0	0
153	0	0	0
154	0	0	0
155	0	0	0
156	0	0	0
157	0	0	0
158	0	0	0
159	0	0	0
160	0	0	0
161	0	0	0
162	0	0	0
163	0	0	0
164	0	0	0
165	0	0	0
166	0	0	0
167	0	0	0
168	0	0	0
169	0	0	0
170	0	0	0
171	0	0	0
172	0	0	0
173	0	0	0
174	0	0	0
175	0	0	0
176	0	0	0
177	0	0	0
178	0	0	0
179	0	0	0
180	0	0	0
181	0	0	0
182	0	0	0
183	0	0	0
184	0	0	0
185	0	0	0
186	0	0	0
187	0	0	0
188	0	0	0
189	0	0	0
190	0	0	0
191	0	0	0
192	0	0	0
193	0	0	0
194	0	0	0
195	0	0	0
196	0	0	0
197	0	0	0
198	0	0	0
199	0	0	0
200	0	0	0
201	0	0	0
202	0	0	0
203	0	0	0
204	0	0	0
205	0	0	0
206	0	0	0
207	0	0	0
208	0	0	0
209	0	0	0
210	0	0	0
211	0	0	0
212	0	0	0
213	0	0	0
214	0	0	0
215	0	0	0
216	0	0	0
217	0	0	0
218	0	0	0
219	0	0	0
220	0	0	0
221	0	0	0
222	0	0	0
223	0	0	0
224	0	0	0
225	0	0	0
226	0	0	0
227	0	0	0
228	0	0	0
229	0	0	0
230	0	0	0
231	0	0	0
232	0	0	0
233	0	0	0
234	0	0	0
235	0	0	0
236	0	0	0
237	0	0	0
238	0	0	0
239	0	0	0
240	0	0	0
241	0	0	0
242	0	0	0
243	0	0	0
244	0	0	0
245	0	0	0
246	0	0	0
247	0	0	0
248	0	0	0
249	0	0	0
250	0	0	0
251	0	0	0
252	0	0	0
253	0	0	0
254	0	0	0
255	0	0	0
256	0	0	0
257	0	0	0
258	0	0	0
259	0	0	0
260	0	0	0
261	0	0	0
262	0	0	0
263	0	0	0
264	0	0	0
265	0	0	0
266	0	0	0
267	0	0	0
268	0	0	0
269	0	0	0
270	0	0	0
271	0	0	0
272	0	0	0
273	0	0	0
274	0	0	0
275	0	0	0
276	0	0	0
277	0	0	0
278	0	0	0
279	0	0	0
280	0	0	0
281	0	0	0
282	0	0	0
283	0	0	0
284	0	0	0
285	0	0	0
286	0	0	0
287	0	0	0
288	0	0	0
289	0	0	0
290	0	0	0
291	0	0	0
292	0	0	0
293	0	0	0
294	0	0	0
295	0	0	0
296	0	0	0
297	0	0	0
298	0	0	0
299	0	0	0
300	0	0	0
301	0	0	0
302	0	0	0
303	0	0	0
304	0	0	0
305	0	0	0
306	0	0	0
307	0	0	0
308	0	0	0
309	0	0	0
310	0	0	0
311	0	0	0
312	0	0	0
313	0	0	0
314	0	0	0
315	0	0	0
316	0	0	0
317	0	0	0
318	0	0	0
319	0	0	0
320	0	0	0
321	0	0	0
322	0	0	0
323	0	0	0
324	0	0	0
325	0	0	0
326	0	0	0
327	0	0	0
328	0	0	0
329	0	0	0
330	0	0	0
331	0	0	0
332	0	0	0
333	0	0	0
334	0	0	0
335	0	0	0
336	0	0	0
337	0	0	0
338	0	0	0
339	0	0	0
340	0	0	0
341	0	0	0
342	0	0	0
343	0	0	0
344	0	0	0
345	0	0	0
346	0	0	0
347	0	0	0
348	0	0	0
349	0	0	0
350	0	0	0
351	0	0	0
352	0	0	0
353	0	0	0
354	0	0	0
355	0	0	0
356	0	0	0
357	0	0	0
358	0	0	0
359	0	0	0
360	0	0	0
361	0	0	0
362	0	0	0
363	0	0	0
364	0	0	0
365	0	0	0
366	0	0	0
367	0	0	0
368	0	0	0
369	0	0	0
370	0	0	0
371	0	0	0
372	0	0	0
373	0	0	0
374	0	0	0
375	0	0	0
376	0	0	0
377	0	0	0
378	0	0	0
379	0	0	0
380	0	0	0
381	0	0	0
382	0	0	0
383	0	0	0
384	0	0	0
385	0	0	0
386	0	0	0
387	0	0	0
388	0	0	0
389	0	0	0
390	0	0	0
391	0	0	0
392	0	0	0
393	0	0	0
394	0	0	0
395	0	0	0
396	0	0	0
397	0	0	0
398	0	0	0
399	0	0	0
400	0	0	0
401	0	0	0
402	0	0	0
403	0	0	0
404	0	0	0
405	0	0	0
406	0	0	0
407	0	0	0
408	0	0	0
409	0	0	0
410	0	0	0
411	0	0	0
412	0	0	0
413	0	0	0
414	0	0	0
415	0	0	0
416	0	0	0
417	0	0	0
418	0	0	0
419	0	0	0
420	0	0	0
421	0	0	0
422	0	0	0
423	0	0	0
424	0	0	0
425	0	0	0
426	0	0	0
427	0	0	0
428	0	0	0
429	0	0	0
430	0	0	0
431	0	0	0
432	0	0	0
433	0	0	0
434	0	0	0
435	0	0	0
436	0	0	0
437	0	0	0
438	0	0	0
439	0	0	0
440	0	0	0
441	0	0	0
442	0	0	0
443	0	0	0
444	0	0	0
445	0	0	0
446	0	0	0
447	0	0	0
448	0	0	0
449	0	0	0
450	0	0	0
451	0	0	0
452	0	0	0
453	0	0	0
454	0	0	0
455	0	0	0
456	0	0	0
457	0	0	0
458	0	0	0
459	0	0	0
460	0	0	0
461	0	0	0
462	0	0	0
463	0	0	0
464	0	0	0
465	0	0	0
466	0	0	0
467	0	0	0
468	0	0	0
469	0	0	0
470	0	0	0
471	0	0	0
472	0	0	0
473	0	0	0
474	0	0	0
475	0	0	0
476	0	0	0
477	0	0	0
478	0	0	0
479	0	0	0
480	0	0	0
481	0	0	0
482	0	0	0
483	0	0	0
484	0	0	0
485	0	0	0
486	0	0	0
487	0	0	0
488	0	0	0
489	0	0	0
490	0	0	0
491	0	0	0
492	0	0	0
493	0	0	0
494	0	0	0
495	0	0	0
496	0	0	0
497	0	0	0
498	0	0	0
499	0	0	0
500	0	0	0
501	0	0	0
502	0	0	0
503	0	0	0
504	0	0	0
505	0	0	0
506	0	0	0
507	0	0	0
508	0	0	0
509	0	0	0
510	0	0	0
511	0	0	0
512	0	0	0
513	0	0	0
514	0	0	0
515	0	0	0
516	0	0	0
517	0	0	0
518	0	0	0
519	0	0	0
520	0	0	0
521	0	0	0
522	0	0	0
523	0	0	0
524	0	0	0
525	0	0	0
526	0	0	0
527	0	0	0
528	0	0	0
529	0	0	0
530	0	0	0
531	0	0	0
532	0	0	0
533	0	0	0
534	0	0	0
535	0	0	0
536	0	0	0
537	0	0	0
538	0	0	0
539	0	0	0
540	0	0	0
541	0	0	0
542	0	0	0
543	0	0	0
544	0	0	0
545	0	0	0
546	0	0	0
547	0	0	0
548	0	0	0
549	0	0	0
550	0	0	0
551	0	0	0
552	0	0	0
553	0	0	0
554	0	0	0
555	0	0	0
556	0	0	0
557	0	0	0
558	0	0	0
559	0	0	0
560	0	0	0
561	0	0	0
562	0	0	0
563	0	0	0
564	0	0	0
565	0	0	0
566	0	0	0
567	0	0	0
568	0	0	0
569	0	0	0
570	0	0	0
571	0	0	0
572	0	0	0
573	0	0	0
574	0	0	0
575	0	0	0
576	0	0	0
577	0	0	0
578	0	0	0
579	0	0	0
580	0	0	0
581	0	0	0
582	0	0	0
583	0	0	0
584	0	0	0
585	0	0	0
586	0	0	0
587	0	0	0
588	0	0	0
589	0	0	0
590	0	0	0
591	0	0	0
592	0	0	0
593	0	0	0
594	0	0	0
595	0	0	0
596	0	0	0
597	0	0	0
598	0	0	0
599	0	0	0
600	0	0	0
601	0	0	0
602	0	0	0
603	0	0	0
604	0	0	0
605	0	0	0
606	0	0	0
607	0	0	0
608	0	0	0
609	0	0	0
610	0	0	0
611	0	0	0
612	0	0	0
613	0	0	0
614	0	0	0
615	0	0	0
616	0	0	0
617	0	0	0
618	0	0	0
619	0	0	0
620	0	0	0
621	0	0	0
622	0	0	0
623	0	0	0
624	0	0	0
625	0	0	0
626	0	0	0
627	0	0	0
628	0	0	0
629	0	0	0
630	0	0	0
631	0	0	0
632	0	0	0
633	0	0	0
634	0	0	0
635	0	0	0
636	0	0	0
637	0	0	0
638	0	0	0
639	0	0	0
640	0	0	0
641	0	0	0
642	0	0	0
643	0	0	0
644	0	0	0
645	0	0	0
646	0	0	0
647	0	0	0
648	0	0	0
649	0	0	0
650	0	0	0
651	0	0	0
652	0	0	0
653	0	0	0
654	0	0	0
655	0	0	0
656	0	0	0
657	0	0	0
658	0	0	0
659	0	0	0
660	0	0	0
661	0	0	0
662	0	0	0
663	0	0	0
664	0	0	0
665	0	0	0
666	0	0	0
667	0	0	0
668	0	0	0
669	0	0	0
670	0	0	0
671	0	0	0
672	0	0	0
673	0	0	0
674	0	0	0
675	0	0	0
676	0	0	0
677	0	0	0
678	0	0	0
679	0	0	0
680	0	0	0
681	0	0	0
682	0	0	0
683	0	0	0
684	0	0	0
685	0	0	0
686	0	0	0
687	0	0	0
688	0	0	0
689	0	0	0
690	0	0	0
691	0	0	0
692	0	0	0
693	0	0	0
694	0	0	0
695	0	0	0
696	0	0	0
697	0	0	0
698	0	0	0
699	0	0	0
700	0	0	0
701	0	0	0
702	0	0	0
703	0	0	0
704	0	0	0
705	0	0	0
706	0	0	0
707	0	0	0
708	0	0	0
709	0	0	0
710	0	0	0
711	0	0	0
712	0	0	0
713	0	0	0
714	0	0	0
715	0	0	0
716	0	0	0
717	0	0	0
718	0	0	0
719	0	0	0
720	0	0	0
721	0	0	0
722	0	0	0
723	0	0	0
724	0	0	0
725	0	0	0
726	0	0	0
727	0	0	0
728	0	0	0
729	0	0	0
730	0	0	0
731	0	0	0
732	0	0	0
733	0	0	0
734	0	0	0
735	0	0	0
736	0	0	0
737	0	0	0
738	0	0	0
739	0	0	0
740	0	0	0
741	0	0	0
742	0	0	0
743	0	0	0
744	0	0	0
745	0	0	0
746	0	0	0
747	0	0	0
748	0	0	0
749	0	0	0
750	0	0	0
751	0	0	0
752	0	0	0
753	0	0	0
754	0	0	0
755	0	0	0
756	0	0	0
757	0	0	0
758	0	0	0
759	0	0	0
760	0	0	0
761	0	0	0
762	0	0	0
763	0	0	0
764	0	0	0
765	0	0	0
766	0	0	0
767	0	0	0
768	0	0	0
769	0	0	0
770	0	0	0
771	0	0	0
772	0	0	0
773	0	0	0
774	0	0	0
775	0	0	0
776	0	0	0
777	0	0	0
778	0	0	0
779	0	0	0
780	0	0	0
781	0	0	0
782	0	0	0
783	0	0	0
784	0	0	0
785	0	0	0
786	0	0	0
787	0	0	0
788	0	0	0
789	0	0	0
790	0	0	0
791	0	0	0
792	0	0	0
793	0	0	0
794	0	0	0
795	0	0	0
796	0	0	0
797	0	0	0
798	0	0	0
799	0	0	0
800	0	0	0
801	0	0	0
802	0	0	0
803	0	0	0
804	0	0	0
805	0	0	0
806	0	0	0
807	0	0	0
808	0	0	0
809	0	0	0
810	0	0	0
811	0	0	0
812	0	0	0
813	0	0	0
814	0	0	0
815	0	0	0
816	0	0	0
817	0	0	0
818	0	0	0
819	0	0	0
820	0	0	0
821	0	0	0
822	0	0	0
823	0	0	0
824	0	0	0
825	0	0	0
826	0	0	0
827	0	0	0
828	0	0	0
829	0	0	0
830	0	0	0
831	0	0	0
832	0	0	0
833	0	0	0
834	0	0	0
835	0	0	0
836	0	0	0
837	0	0	0
838	0	0	0
839	0	0	0
840	0	0	0
841	0	0	0
842	0	0	0
843	0	0	0
844	0	0	0
845	0	0	0
846	0	0	0
847	0	0	0
848	0	0	0
849	0	0	0
850	0	0	0
851	0	0	0
852	0	0	0
853	0	0	0
854	0	0	0
855	0	0	0
856	0	0	0
857	0	0	0
858	0	0	0
859	0	0	0
860	0	0	0
861	0	0	0
862	0	0	0
863	0	0	0
864	0	0	0
865	0	0	0
866	0	0	0
867	0	0	0
868	0	0	0
869	0	0	0
870	0	0	0
871	0	0	0
872	0	0	0
873	0	0	0
874	0	0	0
875	0	0	0
876	0	0	0
877	0	0	0
878	0	0	0
879	0	0	0
880	0	0	0
881	0	0	0
882	0	0	0
883	0	0	0
884	0	0	0
885	0	0	0
886	0	0	0
887	0	0	0
888	0	0	0
889	0	0	0
890	0	0	0
891	0	0	0
892	0	0	0
893	0	0	0
894	0	0	0
895	0	0	0
896	0	0	0
897	0	0	0
898	0	0	0
899	0	0	0
900	0	0	0
901	0	0	0
902	0	0	0
903	0	0	0
904	0	0	0
905	0	0	0
906	0	0	0
907	0	0	0
908	0	0	0
909	0	0	0
910	0	0	0
911	0	0	0
912	0	0	0
913	0	0	0
914	0	0	0
915	0	0	0
916	0	0	0
917	0	0	0
918	0	0	0
919	0	0	0
920	0	0	0
921	0	0	0
922	0	0	0
923	0	0	0
924	0	0	0
925	0	0	0
926	0	0	0
927	0	0	0
928	0	0	0
929	0	0	0
930	0	0	0
931	0	0	0
932	0	0	0
933	0	0	0
934	0	0	0
935	0	0	0
936	0	0	0
937	0	0	0
938	0	0	0
939	0	0	0
940	0	0	0
941	0	0	0
942	0	0	0
943	0	0	0
944	0	0	0
945	0	0	0
946	0	0	0
947	0	0	0
948	0	0	0
949	0	0	0
950	0	0	0
951	0	0	0
952	0	0	0
953	0	0	0
954	0	0	0
955	0	0	0
956	0	0	0
957	0	0	0
958	0	0	0
959	0	0	0
960	0	0	0
961	0	0	0
962	0	0	0
963	0	0	0
964	0	0	0
965	0	0	0
966	0	0	0
967	0	0	0
968	0	0	0
969	0	0	0
970	0	0	0
971	0	0	0
972	0	0	0
973	0	0	0
974	0	0	0
975	0	0	0
976	0	0	0
977	0	0	0
978	0	0	0
979	0	0	0
980	0	0	0
981	0	0	0
982	0	0	0
983	0	0	0
984	0	0	0
985	0	0	0
986	0	0	0
987	0	0	0
988	0	0	0
989	0	0	0
990	0	0	0
991	0	0	0
992	0	0	0
993	0	0	0
994	0	0	0
995	0	0	0
996	0	0	0
997	0	0	0
998	0	0	0
999	0	0	0
1000	0	0	0
1001	0	0	0
1002	0	0	0
1003	0	0	0
1004	0	0	0
1005	0	0	0
1006	0	0	0
1007	0	0	0
1008	0	0	0
1009	0	0	0
1010	0	0	0
1011	0	0	0
1012	0	0	0
1013	0	0	0
1014	0	0	0
1015	0	0	0
1016	0	0	0
1017	0	0	0
1018	0	0	0
1019	0	0	0
1020	0	0	0
1021	0	0	0
1022	0	0	0
1023	0	0	0
1024	0	0	0
1025	0	0	0
1026	0	0	0
1027	0	0	0
1028	0	0	0
1029	0	0	0
1030	0	0	0
1031	0	0	0
1032	0	0	0
1033	0	0	0
1034	0	0	0
1035	0	0	0
1036	0	0	0
1037	0	0	0
1038	0	0	0
1039	0	0	0
1040	0	0	0
1041	0	0	0
1042	0	0	0
1043	0	0	0
1044	0	0	0
1045	0	0	0
1046	0	0	0
1047	0	0	0
1048	0	0	0
1049	0	0	0
1050	0	0	0
1051	0	0	0
1052	0	0	0
1053	0	0	0
1054	0	0	0
1055	0	0	0
1056	0	0	0
1057	0	0	0
1058	0	0	0
1059	0	0	0
1060	0	0	0
1061	0	0	0
1062	0	0	0
1063	0	0	0
1064	0	0	0
1065	0	0	0
1066	0	0	0
1067	0	0	0
1068	0	0	0
1069	0	0	0
1070	0	0	0
1071	0	0	0
1072	0	0	0
1073	0	0	0
1074	0	0	0
1075	0	0	0
1076	0	0	0
1077	0	0	0
1078	0	0	0
1079	0	0	0
1080	0	0	0
1081	0	0	0
1082	0	0	0
1083	0	0	0
1084	0	0	0
1085	0	0	0
1086	0	0	0
1087	0	0	0
1088	0	0	0
1089	0	0	0
1090	0	0	0
1091	0	0	0
1092	0	0	0
1093	0	0	0
1094	0	0	0
1095	0	0	0
1096	0	0	0
1097	0	0	0
1098	0	0	0
1099	0	0	0
1100	0	0	0
1101	0	0	0
1102	0	0	0
1103	0	0	0
1104	0	0	0
1105	0	0	0
1106	0	0	0
1107	0	0	0
1108	0	0	0
1109	0	0	0
1110	0	0	0
1111	0	0	0
1112	0	0	0
1113	0	0	0
1114	0	0	0
1115	0	0	0
1116	0	0	0
1117	0	0	0
1118	0	0	0
1119	0	0	0
1120	0	0	0
1121	0	0	0
1122	0	0	0
1123	0	0	0
1124	0	0	0
1125	0	1	-1
1126	0	1	-1
1127	1	1	0
1128	1	1	0
1129	1	1	0
1130	1	1	0
1131	1	1	0
1132	1	1	0
1133	1	1	0
1134	1	1	0
1135	1	1	0
1136	1	1	0
1137	1	1	0
1138	1	1	0
1139	1	1	0
1140	1	1	0
1141	1	1	0
1142	1	1	0
1143	1	1	0
1144	2	2	0
1145	2	2	0
1146	2	2	0
1147	2	2	0
1148	2	2	0
1149	2	2	0
1150	2	2	0
1151	2	2	0
1152	2	2	0
1153	2	2	0
1154	2	2	0
1155	2	2	0
1156	2	2	0
1157	2	2	0
1158	2	2	0
1159	2	2	0
1160	2	2	0
1161	3	2	1
1162	3	2	1
1163	3	2	1
1164	3	2	1
1165	3	2	1
1166	3	2	1
1167	3	2	1
1168	3	2	1
1169	4	2	2
1170	4	2	2
1171	4	2	2
1172	4	2	2
1173	4	2	2
1174	4	2	2
1175	4	2	2
1176	4	2	2
1177	5	2	3
1178	5	2	3
1179	5	2	3
1180	5	2	3
1181	5	2	3
1182	5	2	3
1183	5	2	3
1184	5	2	3
1185	6	2	4
1186	6	2	4
1187	6	2	4
1188	6	2	4
1189	6	2	4
1190	6	2	4
1191	6	2	4
1192	6	2	4
1193	7	2	5
1194	7	2	5
1195	7	2	5
1196	7	2	5
1197	7	2	5
1198	7	2	5
1199	7	2	5
1200	7	2	5
1201	8	2	6
1202	8	2	6
1203	8	2	6
1204	8	2	6
1205	8	2	6
1206	8	2	6
1207	8	2	6
1208	8	2	6
1209	8	2	6
1210	9	2	7
1211	9	2	7
1212	9	2	7
1213	9	2	7
1214	9	2	7
1215	9	2	7
1216	9	2	7
1217	9	2	7
1218	10	2	8
1219	10	2	8
1220	10	2	8
1221	10	2	8
1222	10	2	8
1223	10	2	8
1224	10	2	8
1225	10	2	8
1226	10	2	8
1227	10	2	8
1228	10	2	8
1229	10	2	8
1230	10	2	8
1231	10	2	8
1232	10	2	8
1233	10	2	8
1234	10	2	8
1235	10	2	8
1236	10	2	8
1237	10	2	8
1238	10	2	8
1239	10	2	8
1240	10	2	8
1241	10	2	8
1242	10	2	8
1243	10	2	8
1244	10	2	8
1245	10	2	8
1246	10	2	8
1247	10	2	8
1248	10	2	8
1249	10	2	8
1250	10	2	8
1251	10	2	8
1252	10	2	8
1253	10	2	8
1254	10	2	8
1255	10	2	8
1256	10	2	8
1257	10	2	8
1258	10	2	8
1259	10	2	8
1260	10	2	8
1261	10	2	8
1262	10	2	8
1263	10	2	8
1264	10	2	8
1265	10	2	8
1266	10	2	8
1267	10	2	8
1268	10	2	8
1269	10	2	8
1270	10	2	8
1271	10	2	8
1272	10	2	8
1273	10	2	8
1274	10	2	8
1275	10	2	8
1276	10	2	8
1277	10	2	8
1278	10	2	8
1279	10	2	8
1280	10	2	8
1281	10	2	8
1282	10	2	8
1283	10	2	8
1284	10	2	8
1285	10	2	8
1286	10	2	8
1287	10	2	8
1288	10	2	8
1289	10	2	8
1290	10	2	8
1291	10	2	8
1292	10	2	8
1293	10	2	8
1294	10	2	8
1295	10	2	8
1296	10	2	8
1297	10	2	8
1298	10	2	8
1299	10	2	8
1300	10	2	8
1301	10	2	8
1302	10	2	8
1303	10	2	8
1304	10	2	8
1305	10	2	8
1306	10	2	8
1307	10	2	8
1308	10	2	8
1309	10	2	8
1310	10	2	8
1311	10	2	8
1312	10	2	8
1313	10	2	8
1314	11	2	9
1315	11	2	9
1316	11	2	9
1317	11	2	9
1318	11	2	9
1319	11	2	9
1320	11	2	9
1321	11	2	9
1322	11	2	9
1323	11	2	9
1324	11	2	9
1325	11	2	9
1326	11	2	9
1327	11	2	9
1328	11	2	9
1329	11	2	9
1330	11	2	9
1331	11	2	9
1332	11	2	9
1333	11	2	9
1334	11	2	9
1335	11	2	9
1336	11	2	9
1337	11	2	9
1338	11	2	9
1339	11	2	9
1340	11	2	9
1341	11	2	9
1342	11	2	9
1343	11	2	9
1344	11	2	9
1345	11	2	9
1346	11	2	9
1347	11	2	9
1348	11	2	9
1349	11	2	9
1350	11	2	9
1351	11	2	9
1352	11	2	9
1353	11	2	9
1354	11	2	9
1355	11	2	9
1356	11	2	9
1357	11	2	9
1358	11	2	9
1359	11	2	9
1360	11	2	9
1361	11	2	9
1362	11	2	9
1363	11	2	9
1364	11	2	9
1365	11	2	9
1366	11	2	9
1367	11	2	9
1368	11	2	9
1369	11	2	9
1370	11	2	9
1371	11	2	9
1372	11	2	9
1373	11	2	9
1374	11	2	9
1375	11	2	9
1376	11	2	9
1377	11	2	9
1378	11	2	9
1379	11	2	9
1380	11	2	9
1381	11	2	9
1382	11	2	9
1383	11	2	9
1384	11	2	9
1385	11	2	9
1386	11	2	9
1387	11	2	9
1388	11	2	9
1389	11	2	9
1390	11	2	9
1391	11	2	9
1392	11	2	9
1393	11	2	9
1394	11	2	9
1395	11	2	9
1396	11	2	9
1397	11	2	9
1398	11	2	9
1399	11	2	9
1400	11	2	9
1401	11	2	9
1402	11	2	9
1403	11	2	9
1404	11	2	9
1405	11	2	9
1406	11	2	9
1407	11	2	9
1408	11	2	9
1409	11	2	9
1410	11	2	9
1411	11	2	9
1412	11	2	9
1413	11	2	9
1414	11	2	9
1415	11	2	9
1416	11	2	9
1417	11	2	9
1418	11	2	9
1419	11	2	9
1420	11	2	9
1421	11	2	9
1422	11	2	9
1423	11	2	9
1424	11	2	9
1425	11	2	9
1426	11	2	9
1427	11	2	9
1428	11	2	9
1429	11	2	9
1430	11	2	9
1431	11	2	9
1432	11	2	9
1433	11	2	9
1434	11	2	9
1435	11	2	9
1436	11	2	9
1437	11	2	9
1438	11	2	9
1439	11	2	9
1440	11	2	9
1441	11	2	9
1442	11	2	9
1443	11	2	9
1444	11	2	9
1445	11	2	9
1446	11	2	9
1447	11	2	9
1448	11	2	9
1449	11	2	9
1450	11	2	9
1451	11	2	9
1452	11	2	9
1453	11	2	9
1454	11	2	9
1455	11	2	9
1456	11	2	9
1457	11	2	9
1458	11	2	9
1459	11	2	9
1460	11	2	9
1461	11	2	9
1462	11	2	9
1463	12	2	10
1464	12	2	10
1465	12	2	10
1466	12	2	10
1467	12	2	10
1468	12	2	10
1469	12	2	10
1470	12	2	10
1471	12	2	10
1472	12	2	10
1473	12	2	10
1474	12	2	10
1475	12	2	10
1476	12	2	10
1477	12	2	10
1478	12	2	10
1479	12	2	10
1480	12	2	10
1481	12	2	10
1482	12	2	10
1483	12	2	10
1484	12	2	10
1485	12	2	10
1486	12	2	10
1487	12	2	10
1488	12	2	10
1489	12	2	10
1490	12	2	10
1491	12	2	10
1492	12	2	10
1493	12	2	10
1494	12	2	10
1495	12	2	10
1496	12	2	10
1497	12	2	10
1498	12	2	10
1499	12	2	10
1500	12	2	10
1501	12	2	10
1502	12	2	10
1503	12	2	10
1504	12	2	10
1505	12	2	10
1506	12	2	10
1507	12	2	10
1508	12	2	10
1509	12	2	10
1510	12	2	10
1511	12	2	10
1512	12	2	10
1513	12	2	10
1514	12	2	10
1515	12	2	10
1516	12	2	10
1517	12	2	10
1518	12	2	10
1519	12	2	10
1520	12	2	10
1521	12	2	10
1522	12	2	10
1523	12	2	10
1524	12	2	10
1525	12	2	10
1526	12	2	10
1527	12	2	10
1528	12	2	10
1529	12	2	10
1530	12	2	10
1531	12	2	10
1532	12	2	10
1533	12	2	10
1534	12	2	10
1535	12	2	10
1536	12	2	10
1537	12	2	10
1538	12	2	10
1539	12	2	10
1540	12	2	10
1541	12	2	10
1542	12	2	10
1543	12	2	10
1544	12	2	10
1545	12	2	10
1546	12	2	10
1547	12	2	10
1548	12	2	10
1549	12	2	10
1550	12	2	10
1551	12	2	10
1552	12	2	10
1553	12	2	10
1554	12	2	10
1555	12	2	10
1556	12	2	10
1557	12	2	10
1558	12	2	10
1559	12	2	10
1560	12	2	10
1561	12	2	10
1562	12	2	10
1563	12	2	10
1564	12	2	10
1565	12	2	10
1566	12	2	10
1567	12	2	10
1568	12	2	10
1569	12	2	10
1570	12	2	10
1571	12	2	10
1572	12	2	10
1573	12	2	10
1574	12	2	10
1575	12	2	10
1576	12	2	10
1577	12	2	10
1578	12	2	10
1579	12	2	10
1580	12	2	10
1581	12	2	10
1582	12	2	10
1583	12	2	10
1584	12	2	10
1585	12	2	10
1586	12	2	10
1587	12	2	10
1588	12	2	10
1589	12	2	10
1590	12	2	10
1591	12	2	10
1592	12	2	10
1593	12	2	10
1594	12	2	10
1595	12	2	10
1596	12	2	10
1597	12	2	10
1598	12	2	10
1599	12	2	10
1600	12	2	10
1601	12	2	10
1602	12	2	10
1603	12	2	10
1604	12	2	10
1605	12	2	10
1606	12	2	10
1607	12	2	10
1608	12	2	10
1609	12	2	10
1610	12	2	10
1611	12	2	10
1612	12	2	10
1613	12	2	10
1614	12	2	10
1615	12	2	10
1616	12	2	10
1617	12	2	10
1618	12	2	10
1619	12	2	10
1620	12	2	10
1621	12	2	10
1622	12	2	10
1623	12	2	10
1624	12	2	10
1625	12	2	10
1626	12	2	10
1627	12	2	10
1628	12	2	10
1629	12	2	10
1630	12	2	10
1631	12	2	10
1632	12	2	10
1633	12	2	10
1634	12	2	10
1635	12	2	10
1636	12	2	10
1637	12	2	10
1638	12	2	10
1639	12	2	10
1640	12	2	10
1641	12	2	10
1642	12	2	10
1643	12	2	10
1644	12	2	10
1645	12	2	10
1646	12	2	10
1647	12	2	10
1648	12	2	10
1649	12	2	10
1650	12	2	10
1651	12	2	10
1652	12	2	10
1653	12	2	10
1654	12	2	10
1655	12	2	10
1656	12	2	10
1657	12	2	10
1658	12	2	10
1659	12	2	10
1660	12	2	10
1661	12	2	10
1662	12	2	10
1663	12	2	10
1664	12	2	10
1665	12	2	10
1666	12	2	10
1667	12	2	10
1668	12	2	10
1669	12	2	10
1670	12	2	10
1671	12	2	10
1672	12	2	10
1673	12	2	10
1674	12	2	10
1675	12	2	10
1676	12	2	10
1677	12	2	10
1678	12	2	10
1679	12	2	10
1680	12	2	10
1681	12	2	10
1682	12	2	10
1683	12	2	10
1684	12	2	10
1685	12	2	10
1686	12	2	10
1687	12	2	10
1688	12	2	10
1689	12	2	10
1690	12	2	10
1691	12	2	10
1692	12	2	10
1693	12	2	10
1694	12	2	10
1695	12	2	10
1696	12	2	10
1697	12	2	10
1698	12	2	10
1699	12	2	10
1700	12	2	10
1701	12	2	10
1702	12	2	10
1703	12	2	10
1704	12	2	10
1705	12	2	10
1706	12	2	10
1707	12	2	10
1708	12	2	10
1709	12	2	10
1710	12	2	10
1711	12	2	10
1712	12	2	10
1713	12	2	10
1714	12	2	10
1715	12	2	10
1716	12	2	10
1717	12	2	10
1718	12	2	10
1719	12	2	10
1720	12	2	10
1721	13	2	11
1722	13	2	11
1723	13	2	11
1724	13	2	11
1725	13	2	11
1726	13	2	11
1727	13	2	11
1728	13	2	11
1729	13	2	11
1730	13	2	11
1731	13	2	11
1732	13	2	11
1733	13	2	11
1734	13	2	11
1735	13	2	11
1736	13	2	11
1737	13	2	11
1738	13	2	11
1739	13	2	11
1740	13	2	11
1741	13	2	11
1742	13	2	11
1743	13	2	11
1744	13	2	11
1745	13	2	11
1746	13	2	11
1747	13	2	11
1748	13	2	11
1749	13	2	11
1750	13	2	11
1751	13	2	11
1752	13	2	11
1753	13	2	11
1754	13	2	11
1755	13	2	11
1756	13	2	11
1757	13	2	11
1758	13	2	11
1759	13	2	11
1760	13	2	11
1761	13	2	11
1762	13	2	11
1763	13	2	11
1764	13	2	11
1765	13	2	11
1766	13	2	11
1767	13	2	11
1768	13	2	11
1769	13	2	11
1770	13	2	11
1771	13	2	11
1772	13	2	11
1773	13	2	11
1774	13	2	11
1775	13	2	11
1776	13	2	11
1777	13	2	11
1778	13	2	11
1779	13	2	11
1780	13	2	11
1781	13	2	11
1782	13	2	11
1783	13	2	11
1784	13	2	11
1785	13	2	11
1786	13	2	11
1787	13	2	11
1788	13	2	11
1789	13	2	11
1790	13	2	11
1791	13	2	11
1792	13	2	11
1793	13	2	11
1794	13	2	11
1795	13	2	11
1796	13	2	11
1797	13	2	11
1798	13	2	11
1799	14	2	12
1800	14	2	12
1801	14	2	12
1802	14	2	12
1803	14	2	12
1804	14	2	12
1805	14	2	12
1806	14	2	12
1807	14	2	12
1808	14	2	12
1809	14	2	12
1810	14	2	12
1811	14	2	12
1812	14	2	12
1813	14	2	12
1814	14	2	12
1815	14	2	12
1816	14	2	12
1817	14	2	12
1818	14	2	12
1819	14	2	12
1820	14	2	12
1821	14	2	12
1822	14	2	12
1823	14	2	12
1824	14	2	12
1825	14	2	12
1826	14	2	12
1827	14	2	12
1828	14	2	12
1829	14	2	12
1830	14	2	12
1831	14	2	12
1832	14	2	12
1833	14	2	12
1834	14	2	12
1835	14	2	12
1836	14	2	12
1837	14	2	12
1838	14	2	12
1839	14	2	12
1840	14	2	12
1841	14	2	12
1842	14	2	12
1843	14	2	12
1844	14	2	12
1845	14	2	12
1846	14	2	12
1847	14	2	12
1848	14	2	12
1849	14	2	12
1850	14	2	12
1851	14	2	12
1852	14	2	12
1853	14	2	12
1854	14	2	12
1855	14	2	12
1856	14	2	12
1857	14	2	12
1858	14	2	12
1859	14	2	12
1860	14	2	12
1861	14	2	12
1862	14	2	12
1863	14	2	12
1864	14	2	12
1865	14	2	12
1866	14	2	12
1867	14	2	12
1868	14	2	12
1869	14	2	12
1870	14	2	12
1871	14	2	12
1872	14	2	12
1873	14	2	12
1874	14	2	12
1875	14	2	12
1876	14	3	11
1877	14	3	11
1878	14	3	11
1879	14	3	11
1880	14	3	11
1881	14	3	11
1882	14	3	11
1883	14	3	11
1884	14	3	11
1885	14	3	11
1886	14	3	11
1887	14	3	11
1888	15	3	12
1889	15	3	12
1890	15	3	12
1891	15	3	12
1892	15	3	12
1893	15	3	12
1894	15	3	12
1895	15	3	12
1896	15	3	12
1897	15	3	12
1898	15	3	12
1899	15	3	12
1900	15	3	12
1901	15	3	12
1902	15	3	12
1903	15	3	12
1904	16	3	13
1905	16	3	13
1906	16	3	13
1907	16	3	13
1908	16	3	13
1909	16	3	13
1910	16	3	13
1911	16	3	13
1912	16	3	13
1913	16	3	13
1914	16	3	13
1915	16	3	13
1916	16	3	13
1917	16	3	13
1918	16	3	13
1919	16	3	13
1920	16	3	13
1921	16	3	13
1922	16	3	13
1923	16	3	13
1924	16	3	13
1925	16	3	13
1926	16	3	13
1927	16	3	13
1928	16	3	13
1929	16	3	13
1930	16	3	13
1931	16	3	13
1932	16	3	13
1933	16	3	13
1934	16	3	13
1935	16	3	13
1936	16	3	13
1937	16	3	13
1938	16	3	13
1939	16	3	13
1940	16	3	13
1941	16	3	13
1942	16	3	13
1943	16	3	13
1944	16	3	13
1945	16	3	13
1946	16	3	13
1947	16	3	13
1948	16	3	13
1949	16	3	13
1950	16	3	13
1951	16	3	13
1952	16	3	13
1953	16	3	13
1954	16	3	13
1955	16	3	13
1956	16	3	13
1957	16	3	13
1958	16	3	13
1959	16	3	13
1960	16	3	13
1961	16	3	13
1962	16	3	13
1963	16	3	13
1964	16	3	13
1965	16	3	13
1966	16	3	13
1967	16	3	13
1968	16	3	13
1969	16	4	12
1970	16	4	12
1971	16	4	12
1972	16	4	12
1973	16	4	12
1974	16	4	12
1975	16	4	12
1976	16	4	12
1977	16	4	12
1978	16	4	12
1979	16	4	12
1980	16	4	12
1981	16	4	12
1982	16	4	12
1983	16	4	12
1984	16	4	12
1985	16	4	12
1986	16	4	12
1987	16	4	12
1988	16	4	12
1989	16	4	12
1990	16	4	12
1991	16	4	12
1992	16	4	12
1993	16	4	12
1994	16	4	12
1995	16	4	12
1996	16	4	12
1997	16	4	12
1998	16	4	12
1999	16	4	12
2000	16	4	12
2001	16	4	12
2002	16	4	12
2003	16	4	12
2004	16	4	12
2005	16	4	12
2006	16	4	12
2007	16	5	11
2008	16	5	11
2009	16	5	11
2010	16	5	11
2011	16	5	11
2012	16	5	11
2013	16	5	11
2014	16	5	11
2015	16	5	11
2016	16	5	11
2017	16	5	11
2018	16	5	11
2019	16	5	11
2020	16	5	11
2021	16	5	11
2022	16	5	11
2023	16	5	11
2024	16	5	11
2025	16	5	11
2026	16	5	11
2027	16	5	11
2028	16	5	11
2029	16	5	11
2030	16	5	11
2031	16	5	11
2032	16	5	11
2033	16	5	11
2034	16	5	11
2035	16	6	10
2036	17	6	11
2037	17	6	11
2038	17	6	11
2039	17	6	11
2040	17	6	11
2041	17	6	11
2042	17	6	11
2043	17	6	11
2044	17	6	11
2045	17	6	11
2046	17	6	11
2047	17	6	11
2048	17	6	11
2049	17	6	11
2050	17	6	11
2051	17	6	11
2052	17	6	11
2053	17	6	11
2054	17	6	11
2055	17	6	11
2056	17	6	11
2057	17	6	11
2058	17	6	11
2059	17	6	11
2060	17	6	11
2061	18	6	12
2062	18	6	12
2063	18	6	12
2064	18	6	12
2065	18	6	12
2066	18	6	12
2067	18	6	12
2068	18	6	12
2069	18	6	12
2070	18	6	12
2071	18	6	12
2072	18	6	12
2073	18	6	12
2074	19	6	13
2075	19	6	13
2076	19	6	13
2077	19	6	13
2078	19	6	13
2079	19	6	13
2080	19	6	13
2081	19	6	13
2082	19	6	13
2083	19	6	13
2084	19	6	13
2085	19	6	13
2086	19	6	13
2087	20	6	14
2088	20	6	14
2089	20	6	14
2090	20	6	14
2091	20	6	14
2092	20	6	14
2093	20	6	14
2094	20	6	14
2095	20	6	14
2096	20	6	14
2097	20	6	14
2098	20	6	14
2099	21	6	15
2100	21	6	15
2101	21	6	15
2102	21	6	15
2103	21	6	15
2104	21	6	15
2105	21	6	15
2106	21	6	15
2107	21	6	15
2108	21	6	15
2109	21	6	15
2110	21	6	15
2111	21	6	15
2112	22	6	16
2113	22	6	16
2114	22	6	16
2115	22	6	16
2116	22	6	16
2117	22	6	16
2118	22	6	16
2119	22	6	16
2120	22	6	16
2121	22	6	16
2122	22	6	16
2123	22	6	16
2124	22	6	16
2125	23	6	17
2126	23	6	17
2127	23	6	17
2128	23	6	17
2129	23	6	17
2130	23	6	17
2131	23	6	17
2132	23	6	17
2133	23	6	17
2134	23	6	17
2135	23	6	17
2136	23	6	17
2137	23	6	17
2138	24	6	18
2139	24	6	18
2140	24	6	18
2141	24	6	18
2142	24	6	18
2143	24	6	18
2144	24	6	18
2145	24	6	18
2146	24	6	18
2147	24	6	18
2148	24	6	18
2149	24	6	18
2150	24	6	18
2151	25	6	19
2152	25	6	19
2153	25	6	19
2154	25	6	19
2155	25	6	19
2156	25	6	19
2157	25	6	19
2158	25	6	19
2159	25	6	19
2160	25	6	19
2161	25	6	19
2162	25	6	19
2163	25	6	19
2164	26	6	20
2165	26	6	20
2166	26	6	20
2167	26	6	20
2168	26	6	20
2169	26	6	20
2170	26	6	20
2171	26	6	20
2172	26	6	20
2173	26	6	20
2174	26	6	20
2175	26	6	20
2176	26	6	20
2177	26	6	20
2178	26	6	20
2179	26	6	20
2180	26	6	20
2181	26	6	20
2182	26	6	20
2183	26	6	20
2184	26	6	20
2185	26	6	20
2186	26	6	20
2187	26	6	20
2188	26	6	20
2189	26	6	20
2190	27	6	21
2191	27	6	21
2192	27	6	21
2193	27	6	21
2194	27	6	21
2195	27	6	21
2196	27	6	21
2197	27	6	21
2198	27	6	21
2199	27	6	21
2200	27	6	21
2201	27	6	21
2202	27	6	21
2203	27	6	21
2204	27	6	21
2205	27	6	21
2206	27	6	21
2207	27	6	21
2208	27	6	21
2209	27	6	21
2210	27	6	21
2211	27	6	21
2212	27	6	21
2213	27	6	21
2214	27	6	21
2215	27	6	21
2216	28	6	22
2217	28	6	22
2218	28	6	22
2219	28	6	22
2220	28	6	22
2221	28	6	22
2222	28	6	22
2223	28	6	22
2224	28	6	22
2225	28	6	22
2226	28	6	22
2227	28	6	22
2228	28	6	22
2229	28	6	22
2230	28	6	22
2231	28	6	22
2232	28	6	22
2233	28	6	22
2234	28	6	22
2235	28	6	22
2236	28	6	22
2237	28	6	22
2238	28	6	22
2239	28	6	22
2240	28	6	22
2241	28	6	22
2242	28	6	22
2243	28	6	22
2244	28	6	22
2245	28	6	22
2246	28	6	22
2247	28	6	22
2248	28	6	22
2249	28	6	22
2250	28	6	22
2251	28	6	22
2252	28	6	22
2253	28	6	22
2254	28	6	22
2255	28	6	22
2256	28	6	22
2257	28	6	22
2258	28	6	22
2259	28	6	22
2260	28	6	22
2261	28	6	22
2262	28	6	22
2263	28	6	22
2264	28	6	22
2265	28	6	22
2266	28	6	22
2267	28	6	22
2268	28	6	22
2269	28	6	22
2270	28	6	22
2271	28	6	22
2272	28	6	22
2273	28	6	22
2274	28	6	22
2275	28	6	22
2276	28	6	22
2277	28	6	22
2278	28	6	22
2279	28	6	22
2280	28	6	22
2281	28	6	22
2282	28	6	22
2283	28	6	22
2284	28	6	22
2285	28	6	22
2286	28	6	22
2287	28	6	22
2288	28	6	22
2289	28	6	22
2290	28	6	22
2291	28	6	22
2292	28	6	22
2293	28	6	22
2294	28	6	22
2295	28	6	22
2296	28	6	22
2297	28	6	22
2298	28	6	22
2299	28	6	22
2300	28	6	22
2301	28	6	22
2302	28	6	22
2303	28	6	22
2304	28	6	22
2305	28	6	22
2306	28	6	22
2307	28	6	22
2308	28	6	22
2309	28	6	22
2310	28	6	22
2311	28	6	22
2312	28	6	22
2313	28	6	22
2314	28	6	22
2315	28	6	22
2316	28	6	22
2317	28	6	22
2318	28	6	22
2319	28	6	22
2320	28	6	22
2321	28	6	22
2322	28	6	22
2323	28	6	22
2324	28	6	22
2325	28	6	22
2326	28	6	22
2327	28	6	22
2328	28	6	22
2329	28	6	22
2330	28	6	22
2331	28	6	22
2332	28	6	22
2333	28	6	22
2334	28	6	22
2335	28	6	22
2336	28	6	22
2337	28	6	22
2338	28	6	22
2339	28	6	22
2340	28	6	22
2341	28	6	22
2342	28	6	22
2343	28	6	22
2344	28	6	22
2345	28	6	22
2346	28	6	22
2347	28	6	22
2348	28	6	22
2349	28	6	22
2350	28	6	22
2351	28	6	22
2352	28	6	22
2353	28	6	22
2354	28	6	22
2355	28	6	22
2356	28	6	22
2357	28	6	22
2358	28	6	22
2359	28	6	22
2360	28	6	22
2361	28	6	22
2362	28	6	22
2363	28	6	22
2364	28	6	22
2365	28	6	22
2366	28	6	22
2367	28	6	22
2368	28	6	22
2369	28	6	22
2370	28	6	22
2371	28	6	22
2372	28	6	22
2373	28	6	22
2374	28	6	22
2375	28	6	22
2376	28	6	22
2377	28	6	22
2378	28	6	22
2379	28	6	22
2380	28	6	22
2381	28	6	22
2382	28	6	22
2383	28	6	22
2384	28	6	22
2385	28	6	22
2386	28	6	22
2387	28	6	22
2388	28	6	22
2389	28	6	22
2390	28	6	22
2391	28	6	22
2392	28	6	22
2393	28	6	22
2394	28	6	22
2395	28	6	22
2396	28	6	22
2397	28	6	22
2398	28	6	22
2399	28	6	22
2400	28	6	22
2401	28	6	22
2402	28	6	22
2403	28	6	22
2404	28	6	22
2405	28	6	22
2406	28	6	22
2407	28	6	22
2408	28	6	22
2409	28	6	22
2410	28	6	22
2411	28	6	22
2412	28	6	22
2413	28	6	22
2414	28	6	22
2415	28	6	22
2416	28	6	22
2417	28	6	22
2418	28	6	22
2419	28	6	22
2420	28	6	22
2421	28	6	22
2422	28	6	22
2423	28	6	22
2424	28	6	22
2425	28	6	22
2426	28	6	22
2427	28	6	22
2428	28	6	22
2429	28	6	22
2430	28	6	22
2431	28	6	22
2432	28	6	22
2433	28	6	22
2434	28	6	22
2435	28	6	22
2436	28	6	22
2437	28	6	22
2438	28	6	22
2439	28	6	22
2440	28	6	22
2441	28	6	22
2442	28	6	22
2443	28	6	22
2444	28	6	22
2445	28	6	22
2446	28	6	22
2447	28	6	22
2448	28	6	22
2449	28	6	22
2450	28	6	22
2451	28	6	22
2452	28	6	22
2453	28	6	22
2454	28	6	22
2455	28	6	22
2456	28	6	22
2457	28	6	22
2458	28	6	22
2459	28	6	22
2460	28	6	22
2461	28	6	22
2462	28	6	22
2463	28	6	22
2464	28	6	22
2465	28	6	22
2466	28	6	22
2467	28	6	22
2468	28	6	22
2469	28	6	22
2470	28	6	22
2471	28	6	22
2472	28	6	22
2473	28	6	22
2474	28	6	22
2475	28	6	22
2476	28	6	22
2477	28	6	22
2478	28	6	22
2479	28	6	22
2480	28	6	22
2481	28	6	22
2482	28	6	22
2483	28	6	22
2484	28	6	22
2485	28	6	22
2486	28	6	22
2487	28	6	22
2488	28	6	22
2489	28	6	22
2490	28	6	22
2491	28	6	22
2492	28	6	22
2493	28	6	22
2494	28	6	22
2495	28	6	22
2496	28	6	22
2497	28	6	22
2498	28	6	22
2499	28	6	22
2500	28	6	22
2501	28	6	22
2502	28	6	22
2503	28	6	22
2504	28	6	22
2505	28	6	22
2506	28	6	22
2507	28	6	22
2508	28	6	22
2509	28	6	22
2510	28	6	22
2511	28	6	22
2512	28	6	22
2513	28	6	22
2514	28	6	22
2515	28	6	22
2516	28	6	22
2517	28	6	22
2518	28	6	22
2519	28	6	22
2520	28	6	22
2521	28	6	22
2522	28	6	22
2523	28	6	22
2524	28	6	22
2525	28	6	22
2526	28	6	22
2527	28	6	22
2528	28	6	22
2529	28	6	22
2530	28	6	22
2531	28	6	22
2532	28	6	22
2533	28	6	22
2534	28	6	22
2535	28	6	22
2536	28	6	22
2537	28	6	22
2538	28	6	22
2539	28	6	22
2540	28	6	22
2541	28	6	22
2542	28	6	22
2543	28	6	22
2544	28	6	22
2545	28	6	22
2546	28	6	22
2547	29	6	23
2548	29	6	23
2549	29	6	23
2550	29	6	23
2551	29	6	23
2552	29	6	23
2553	29	6	23
2554	29	6	23
2555	29	6	23
2556	29	6	23
2557	29	6	23
2558	29	6	23
2559	29	6	23
2560	29	6	23
2561	29	6	23
2562	29	6	23
2563	29	6	23
2564	29	6	23
2565	29	6	23
2566	29	6	23
2567	29	6	23
2568	29	6	23
2569	29	6	23
2570	29	6	23
2571	29	6	23
2572	29	6	23
2573	29	6	23
2574	29	6	23
2575	29	6	23
2576	29	6	23
2577	29	6	23
2578	29	6	23
2579	29	6	23
2580	29	6	23
2581	29	6	23
2582	29	6	23
2583	29	6	23
2584	29	6	23
2585	29	6	23
2586	29	6	23
2587	29	6	23
2588	29	6	23
2589	29	6	23
2590	29	6	23
2591	29	6	23
2592	29	6	23
2593	29	6	23
2594	29	6	23
2595	29	6	23
2596	29	6	23
2597	29	6	23
2598	29	6	23
2599	29	6	23
2600	29	6	23
2601	29	6	23
2602	29	6	23
2603	29	6	23
2604	29	6	23
2605	29	6	23
2606	29	6	23
2607	29	6	23
2608	29	6	23
2609	29	6	23
2610	29	6	23
2611	29	6	23
2612	29	6	23
2613	29	6	23
2614	29	6	23
2615	29	6	23
2616	29	6	23
2617	29	6	23
2618	29	6	23
2619	29	6	23
2620	29	6	23
2621	29	6	23
2622	29	6	23
2623	29	6	23
2624	29	6	23
2625	29	6	23
2626	29	6	23
2627	29	6	23
2628	29	6	23
2629	29	6	23
2630	29	6	23
2631	29	6	23
2632	29	6	23
2633	29	6	23
2634	29	6	23
2635	29	6	23
2636	30	6	24
2637	30	6	24
2638	30	6	24
2639	30	6	24
2640	30	6	24
2641	30	6	24
2642	30	6	24
2643	30	6	24
2644	30	6	24
2645	30	6	24
2646	30	6	24
2647	30	6	24
2648	30	6	24
2649	30	6	24
2650	30	6	24
2651	30	6	24
2652	30	6	24
2653	30	6	24
2654	30	6	24
2655	30	6	24
2656	30	6	24
2657	30	6	24
2658	30	6	24
2659	30	6	24
2660	30	6	24
2661	30	6	24
2662	30	6	24
2663	30	6	24
2664	30	6	24
2665	30	6	24
2666	30	6	24
2667	30	6	24
2668	30	6	24
2669	30	6	24
2670	30	6	24
2671	30	6	24
2672	30	6	24
2673	30	6	24
2674	30	6	24
2675	30	6	24
2676	30	6	24
2677	30	6	24
2678	30	6	24
2679	30	6	24
2680	30	6	24
2681	30	6	24
2682	30	6	24
2683	30	6	24
2684	30	6	24
2685	30	6	24
2686	30	6	24
2687	30	6	24
2688	30	6	24
2689	30	6	24
2690	30	6	24
2691	30	6	24
2692	30	6	24
2693	30	6	24
2694	30	6	24
2695	30	6	24
2696	30	6	24
2697	30	6	24
2698	30	6	24
2699	30	6	24
2700	30	6	24
2701	30	6	24
2702	30	6	24
2703	30	6	24
2704	30	6	24
2705	30	6	24
2706	30	6	24
2707	30	6	24
2708	30	6	24
2709	30	6	24
2710	30	6	24
2711	30	6	24
2712	30	6	24
2713	30	6	24
2714	30	6	24
2715	30	6	24
2716	30	6	24
2717	30	6	24
2718	30	6	24
2719	30	6	24
2720	30	6	24
2721	30	6	24
2722	30	6	24
2723	30	6	24
2724	30	6	24
2725	30	6	24
2726	30	6	24
2727	30	6	24
2728	30	6	24
2729	30	6	24
2730	30	6	24
2731	30	6	24
2732	30	6	24
2733	30	6	24
2734	30	6	24
2735	30	6	24
2736	30	6	24
2737	30	6	24
2738	30	6	24
2739	30	6	24
2740	30	6	24
2741	30	6	24
2742	30	6	24
2743	30	6	24
2744	30	6	24
2745	30	6	24
2746	30	6	24
2747	30	6	24
2748	30	6	24
2749	30	6	24
2750	30	6	24
2751	31	6	25
2752	31	6	25
2753	31	6	25
2754	31	6	25
2755	31	6	25
2756	31	6	25
2757	31	6	25
2758	31	6	25
2759	31	6	25
2760	31	6	25
2761	31	6	25
2762	31	6	25
2763	31	6	25
2764	31	6	25
2765	31	6	25
2766	31	6	25
2767	31	6	25
2768	31	6	25
2769	31	6	25
2770	31	6	25
2771	31	6	25
2772	31	6	25
2773	31	6	25
2774	31	6	25
2775	32	6	26
2776	32	6	26
2777	32	6	26
2778	32	6	26
2779	32	6	26
2780	32	6	26
2781	32	6	26
2782	32	6	26
2783	32	6	26
2784	32	6	26
2785	32	6	26
2786	32	6	26
2787	32	6	26
2788	32	6	26
2789	32	6	26
2790	32	6	26
2791	32	6	26
2792	32	6	26
2793	32	6	26
2794	32	6	26
2795	32	6	26
2796	32	6	26
2797	32	6	26
2798	32	6	26
2799	32	6	26
2800	32	6	26
2801	32	6	26
2802	32	6	26
2803	32	6	26
2804	32	6	26
2805	32	6	26
2806	32	6	26
2807	32	6	26
2808	32	6	26
2809	32	6	26
2810	32	6	26
2811	32	6	26
2812	32	6	26
2813	32	6	26
2814	32	6	26
2815	32	6	26
2816	32	6	26
2817	32	6	26
2818	32	6	26
2819	32	6	26
2820	32	6	26
2821	32	6	26
2822	32	6	26
2823	32	6	26
2824	32	6	26
2825	32	6	26
2826	32	6	26
2827	32	6	26
2828	32	6	26
2829	32	6	26
2830	32	6	26
2831	32	6	26
2832	32	6	26
2833	32	6	26
2834	32	6	26
2835	32	6	26
2836	32	6	26
2837	32	6	26
2838	32	6	26
2839	32	6	26
2840	32	6	26
2841	32	6	26
2842	32	6	26
2843	32	6	26
2844	32	6	26
2845	32	6	26
2846	32	6	26
2847	32	6	26
2848	32	6	26
2849	32	6	26
2850	32	6	26
2851	32	6	26
2852	32	6	26
2853	32	6	26
2854	32	6	26
2855	32	6	26
2856	32	6	26
2857	32	6	26
2858	32	6	26
2859	32	6	26
2860	32	6	26
2861	32	6	26
2862	32	6	26
2863	32	6	26
2864	32	6	26
2865	32	6	26
2866	32	6	26
2867	32	6	26
2868	32	6	26
2869	32	6	26
2870	32	6	26
2871	32	6	26
2872	32	6	26
2873	32	6	26
2874	32	6	26
2875	32	6	26
2876	32	6	26
2877	32	6	26
2878	32	6	26
2879	32	6	26
2880	32	6	26
2881	32	6	26
2882	32	6	26
2883	32	6	26
2884	32	6	26
2885	32	6	26
2886	32	6	26
2887	32	6	26
2888	32	6	26
2889	32	6	26
2890	32	6	26
2891	32	6	26
2892	32	6	26
2893	32	6	26
2894	32	6	26
2895	32	6	26
2896	32	6	26
2897	32	6	26
2898	32	6	26
2899	32	6	26
2900	32	6	26
2901	32	6	26
2902	32	6	26
2903	32	6	26
2904	32	6	26
2905	32	6	26
2906	32	6	26
2907	32	6	26
2908	32	6	26
2909	32	6	26
2910	32	6	26
2911	32	6	26
2912	32	6	26
2913	32	6	26
2914	32	6	26
2915	32	6	26
2916	32	6	26
2917	32	6	26
2918	32	6	26
2919	32	6	26
2920	32	6	26
2921	32	6	26
2922	32	6	26
2923	32	6	26
2924	32	6	26
2925	32	6	26
2926	32	6	26
2927	32	6	26
2928	32	6	26
2929	32	6	26
2930	32	6	26
2931	32	6	26
2932	32	6	26
2933	32	6	26
2934	32	6	26
2935	32	6	26
2936	32	6	26
2937	32	6	26
2938	32	6	26
2939	32	6	26
2940	32	6	26
2941	32	6	26
2942	32	6	26
2943	32	6	26
2944	32	6	26
2945	32	6	26
2946	32	6	26
2947	32	6	26
2948	32	6	26
2949	32	6	26
2950	32	6	26
2951	32	6	26
2952	32	6	26
2953	32	6	26
2954	32	6	26
2955	32	6	26
2956	32	6	26
2957	32	6	26
2958	32	6	26
2959	32	6	26
2960	32	6	26
2961	32	6	26
2962	32	6	26
2963	32	6	26
2964	32	6	26
2965	32	6	26
2966	32	6	26
2967	33	6	27
2968	33	6	27
2969	33	6	27
2970	33	6	27
2971	33	6	27
2972	33	6	27
2973	33	6	27
2974	33	6	27
2975	33	6	27
2976	33	6	27
2977	33	6	27
2978	33	6	27
2979	33	6	27
2980	33	6	27
2981	33	6	27
2982	33	6	27
2983	33	6	27
2984	33	6	27
2985	33	6	27
2986	33	6	27
2987	33	6	27
2988	33	6	27
2989	33	6	27
2990	33	6	27
2991	33	6	27
2992	33	6	27
2993	33	6	27
2994	33	6	27
2995	33	6	27
2996	33	6	27
2997	33	6	27
2998	33	6	27
2999	33	6	27
3000	33	6	27
3001	33	6	27
3002	33	6	27
3003	33	6	27
3004	33	6	27
3005	33	6	27
3006	33	6	27
3007	33	6	27
3008	33	6	27
3009	33	6	27
3010	33	6	27
3011	33	6	27
3012	33	6	27
3013	33	6	27
3014	33	6	27
3015	33	6	27
3016	33	6	27
3017	33	6	27
3018	33	6	27
3019	33	6	27
3020	33	6	27
3021	33	6	27
3022	33	6	27
3023	33	6	27
3024	33	6	27
3025	33	6	27
3026	33	6	27
3027	33	6	27
3028	33	6	27
3029	33	6	27
3030	33	6	27
3031	33	6	27
3032	33	6	27
3033	33	6	27
3034	33	6	27
3035	33	6	27
3036	33	6	27
3037	33	6	27
3038	33	6	27
3039	33	6	27
3040	33	6	27
3041	33	6	27
3042	33	6	27
3043	33	6	27
3044	33	6	27
3045	33	6	27
3046	33	6	27
3047	33	6	27
3048	33	6	27
3049	33	6	27
3050	33	6	27
3051	33	6	27
3052	33	6	27
3053	33	6	27
3054	33	6	27
3055	33	6	27
3056	33	6	27
3057	33	6	27
3058	33	6	27
3059	33	6	27
3060	33	6	27
3061	33	6	27
3062	33	6	27
3063	33	6	27
3064	33	6	27
3065	33	6	27
3066	33	6	27
3067	33	6	27
3068	33	6	27
3069	33	6	27
3070	33	6	27
3071	33	6	27
3072	33	6	27
3073	33	6	27
3074	33	6	27
3075	33	6	27
3076	33	6	27
3077	33	6	27
3078	33	6	27
3079	33	6	27
3080	33	6	27
3081	33	6	27
3082	33	6	27
3083	33	6	27
3084	33	6	27
3085	33	6	27
3086	33	6	27
3087	33	6	27
3088	34	6	28
3089	34	6	28
3090	34	6	28
3091	34	6	28
3092	34	6	28
3093	34	6	28
3094	34	6	28
3095	34	6	28
3096	34	6	28
3097	34	6	28
3098	34	6	28
3099	34	6	28
3100	34	6	28
3101	34	6	28
3102	34	6	28
3103	34	6	28
3104	34	6	28
3105	34	6	28
3106	34	6	28
3107	34	6	28
3108	34	6	28
3109	34	6	28
3110	34	6	28
3111	34	6	28
3112	34	6	28
3113	34	6	28
3114	34	6	28
3115	34	6	28
3116	34	6	28
3117	34	6	28
3118	34	6	28
3119	34	6	28
3120	34	6	28
3121	34	6	28
3122	34	6	28
3123	34	6	28
3124	34	6	28
3125	34	6	28
3126	34	6	28
3127	34	6	28
3128	34	6	28
3129	35	6	29
3130	35	6	29
3131	35	6	29
3132	35	6	29
3133	35	6	29
3134	35	6	29
3135	35	6	29
3136	35	6	29
3137	35	6	29
3138	35	6	29
3139	35	6	29
3140	35	6	29
3141	35	6	29
3142	35	6	29
3143	35	6	29
3144	35	6	29
3145	35	6	29
3146	35	6	29
3147	35	6	29
3148	35	6	29
3149	35	6	29
3150	35	6	29
3151	35	6	29
3152	35	6	29
3153	35	6	29
3154	35	6	29
3155	35	6	29
3156	35	6	29
3157	35	6	29
3158	35	6	29
3159	35	6	29
3160	35	6	29
3161	35	6	29
3162	35	6	29
3163	35	6	29
3164	35	6	29
3165	35	6	29
3166	35	6	29
3167	35	6	29
3168	35	6	29
3169	35	6	29
3170	35	6	29
3171	35	6	29
3172	35	6	29
3173	35	6	29
3174	35	6	29
3175	35	6	29
3176	35	6	29
3177	35	6	29
3178	35	6	29
3179	35	6	29
3180	35	6	29
3181	35	6	29
3182	35	6	29
3183	35	6	29
3184	35	6	29
3185	35	6	29
3186	35	6	29
3187	35	6	29
3188	35	6	29
3189	35	6	29
3190	35	6	29
3191	35	6	29
3192	35	6	29
3193	35	6	29
3194	35	6	29
3195	35	6	29
3196	35	6	29
3197	35	6	29
3198	35	6	29
3199	35	6	29
3200	35	6	29
3201	35	6	29
3202	35	6	29
3203	35	6	29
3204	35	6	29
3205	35	6	29
3206	35	6	29
3207	35	6	29
3208	35	6	29
3209	35	6	29
3210	35	6	29
3211	35	6	29
3212	35	6	29
3213	35	6	29
3214	35	6	29
3215	35	6	29
3216	35	6	29
3217	35	6	29
3218	35	6	29
3219	35	6	29
3220	35	6	29
3221	35	6	29
3222	35	6	29
3223	35	6	29
3224	35	6	29
3225	35	6	29
3226	35	6	29
3227	35	6	29
3228	35	6	29
3229	35	6	29
3230	35	6	29
3231	35	6	29
3232	35	6	29
3233	35	6	29
3234	35	6	29
3235	35	6	29
3236	35	6	29
3237	35	6	29
3238	35	6	29
3239	35	6	29
3240	35	6	29
3241	35	6	29
3242	35	6	29
3243	35	6	29
3244	35	6	29
3245	35	6	29
3246	35	6	29
3247	35	6	29
3248	35	6	29
3249	35	6	29
3250	35	6	29
3251	35	6	29
3252	35	6	29
3253	35	6	29
3254	35	6	29
3255	35	6	29
3256	35	6	29
3257	35	6	29
3258	35	6	29
3259	35	6	29
3260	35	6	29
3261	35	6	29
3262	35	6	29
3263	35	6	29
3264	35	6	29
3265	35	6	29
3266	35	6	29
3267	35	6	29
3268	35	6	29
3269	35	6	29
3270	35	6	29
3271	35	6	29
3272	35	6	29
3273	35	6	29
3274	35	6	29
3275	35	6	29
3276	35	6	29
3277	35	6	29
3278	35	6	29
3279	35	6	29
3280	35	6	29
3281	35	6	29
3282	35	6	29
3283	35	6	29
3284	35	6	29
3285	35	6	29
3286	35	6	29
3287	35	6	29
3288	35	6	29
3289	35	6	29
3290	35	6	29
3291	35	6	29
3292	35	6	29
3293	35	6	29
3294	35	6	29
3295	36	6	30
3296	36	6	30
3297	36	6	30
3298	36	6	30
3299	36	6	30
3300	36	6	30
3301	36	6	30
3302	36	6	30
3303	36	6	30
3304	36	6	30
3305	36	6	30
3306	36	6	30
3307	36	6	30
3308	36	6	30
3309	36	6	30
3310	36	6	30
3311	36	6	30
3312	36	6	30
3313	36	6	30
3314	36	6	30
3315	36	6	30
3316	36	6	30
3317	36	6	30
3318	36	6	30
3319	36	6	30
3320	36	6	30
3321	36	6	30
3322	36	6	30
3323	36	6	30
3324	36	6	30
3325	36	6	30
3326	36	6	30
3327	36	6	30
3328	36	6	30
3329	36	6	30
3330	36	6	30
3331	36	6	30
3332	36	6	30
3333	36	6	30
3334	36	6	30
3335	36	6	30
3336	36	6	30
3337	36	6	30
3338	36	6	30
3339	36	6	30
3340	36	6	30
3341	36	6	30
3342	36	6	30
3343	36	6	30
3344	36	6	30
3345	36	6	30
3346	36	6	30
3347	36	6	30
3348	36	6	30
3349	36	6	30
3350	36	6	30
3351	36	6	30
3352	36	6	30
3353	36	6	30
3354	36	6	30
3355	36	6	30
3356	36	6	30
3357	36	6	30
3358	36	6	30
3359	36	6	30
3360	36	6	30
3361	36	6	30
3362	36	6	30
3363	36	6	30
3364	36	6	30
3365	36	6	30
3366	36	6	30
3367	36	6	30
3368	36	6	30
3369	36	6	30
3370	36	6	30
3371	36	6	30
3372	36	6	30
3373	36	6	30
3374	36	6	30
3375	36	6	30
3376	36	6	30
3377	36	6	30
3378	36	6	30
3379	36	6	30
3380	36	6	30
3381	36	6	30
3382	36	6	30
3383	36	6	30
3384	36	6	30
3385	36	6	30
3386	36	6	30
3387	36	6	30
3388	36	6	30
3389	36	6	30
3390	36	6	30
3391	36	6	30
3392	36	6	30
3393	36	6	30
3394	36	6	30
3395	36	6	30
3396	36	6	30
3397	36	6	30
3398	36	6	30
3399	36	6	30
3400	36	6	30
3401	36	6	30
3402	36	6	30
3403	36	6	30
3404	36	6	30
3405	36	6	30
3406	36	6	30
3407	36	6	30
3408	36	6	30
3409	36	6	30
3410	36	6	30
3411	36	6	30
3412	36	6	30
3413	36	6	30
3414	36	6	30
3415	36	6	30
3416	36	6	30
3417	36	6	30
3418	36	6	30
3419	36	6	30
3420	36	6	30
3421	37	6	31
3422	37	6	31
3423	37	6	31
3424	37	6	31
3425	37	6	31
3426	37	6	31
3427	37	6	31
3428	37	6	31
3429	37	6	31
3430	37	6	31
3431	37	6	31
3432	37	6	31
3433	37	6	31
3434	37	6	31
3435	37	6	31
3436	37	6	31
3437	37	6	31
3438	37	6	31
3439	37	6	31
3440	37	6	31
3441	37	6	31
3442	37	6	31
3443	37	6	31
3444	37	6	31
3445	37	6	31
3446	37	6	31
3447	37	6	31
3448	37	6	31
3449	37	6	31
3450	37	6	31
3451	37	6	31
3452	37	6	31
3453	37	6	31
3454	37	6	31
3455	37	6	31
3456	37	6	31
3457	37	6	31
3458	37	6	31
3459	37	6	31
3460	37	6	31
3461	37	6	31
3462	37	6	31
3463	37	6	31
3464	37	6	31
3465	37	6	31
3466	37	6	31
3467	37	6	31
3468	37	6	31
3469	37	6	31
3470	37	6	31
3471	37	6	31
3472	37	6	31
