#Clock	Robots	Obstacles	Score
1	0	0	0
2	0	0	0
3	0	0	0
4	0	0	0
5	0	0	0
6	0	0	0
7	0	0	0
8	0	0	0
9	0	0	0
10	0	0	0
11	0	0	0
12	0	0	0
13	0	0	0
14	0	0	0
15	0	0	0
16	0	0	0
17	0	0	0
18	0	0	0
19	0	0	0
20	0	0	0
21	0	0	0
22	0	0	0
23	0	0	0
24	0	0	0
25	0	0	0
26	0	0	0
27	0	0	0
28	0	0	0
29	0	0	0
30	0	0	0
31	0	0	0
32	0	0	0
33	0	0	0
34	0	0	0
35	0	0	0
36	0	0	0
37	0	0	0
38	0	0	0
39	0	0	0
40	0	0	0
41	0	0	0
42	0	0	0
43	0	0	0
44	0	0	0
45	0	0	0
46	0	0	0
47	0	0	0
48	0	0	0
49	0	0	0
50	0	0	0
51	0	0	0
52	0	0	0
53	0	0	0
54	0	0	0
55	0	0	0
56	0	0	0
57	0	0	0
58	0	0	0
59	0	0	0
60	0	0	0
61	0	0	0
62	0	0	0
63	0	0	0
64	0	0	0
65	0	0	0
66	0	0	0
67	0	0	0
68	0	0	0
69	0	0	0
70	0	0	0
71	0	0	0
72	0	0	0
73	0	0	0
74	0	0	0
75	0	0	0
76	0	0	0
77	0	0	0
78	0	0	0
79	0	0	0
80	0	0	0
81	0	0	0
82	0	0	0
83	0	0	0
84	0	0	0
85	0	0	0
86	0	0	0
87	0	0	0
88	0	0	0
89	0	0	0
90	0	0	0
91	0	0	0
92	0	0	0
93	0	0	0
94	0	0	0
95	0	0	0
96	0	0	0
97	0	0	0
98	0	0	0
99	0	0	0
100	0	0	0
101	0	0	0
102	0	0	0
103	0	0	0
104	0	0	0
105	0	0	0
106	0	0	0
107	0	0	0
108	0	0	0
109	0	0	0
110	0	0	0
111	0	0	0
112	0	0	0
113	0	0	0
114	0	0	0
115	0	0	0
116	0	0	0
117	0	0	0
118	0	0	0
119	0	0	0
120	0	0	0
121	0	0	0
122	0	0	0
123	0	0	0
124	0	0	0
125	0	0	0
126	0	0	0
127	0	0	0
128	0	0	0
129	0	0	0
130	0	0	0
131	0	0	0
132	0	0	0
133	0	0	0
134	0	0	0
135	0	0	0
136	0	0	0
137	0	0	0
138	0	0	0
139	0	0	0
140	0	0	0
141	0	0	0
142	0	0	0
143	0	0	0
144	0	0	0
145	0	0	0
146	0	0	0
147	0	0	0
148	0	0	0
149	0	0	0
150	0	0	0
151	0	0	0
152	0	0	0
153	0	0	0
154	0	0	0
155	0	0	0
156	0	0	0
157	0	0	0
158	0	0	0
159	0	0	0
160	0	0	0
161	0	0	0
162	0	0	0
163	0	0	0
164	0	0	0
165	0	0	0
166	0	0	0
167	0	0	0
168	0	0	0
169	0	0	0
170	0	0	0
171	0	0	0
172	0	0	0
173	0	0	0
174	0	0	0
175	0	0	0
176	0	0	0
177	0	0	0
178	0	0	0
179	0	0	0
180	0	0	0
181	0	0	0
182	0	0	0
183	0	0	0
184	0	0	0
185	0	0	0
186	0	0	0
187	0	0	0
188	0	0	0
189	0	0	0
190	0	0	0
191	0	0	0
192	0	0	0
193	0	0	0
194	0	0	0
195	0	0	0
196	0	0	0
197	0	0	0
198	0	0	0
199	0	0	0
200	0	0	0
201	0	0	0
202	0	0	0
203	0	0	0
204	0	0	0
205	0	0	0
206	0	0	0
207	0	0	0
208	0	0	0
209	0	0	0
210	0	0	0
211	0	0	0
212	0	0	0
213	0	0	0
214	0	0	0
215	0	0	0
216	0	0	0
217	0	0	0
218	0	0	0
219	0	0	0
220	0	0	0
221	0	0	0
222	0	0	0
223	0	0	0
224	0	0	0
225	0	0	0
226	0	0	0
227	0	0	0
228	0	0	0
229	0	0	0
230	0	0	0
231	0	0	0
232	0	0	0
233	0	0	0
234	0	0	0
235	0	0	0
236	0	0	0
237	0	0	0
238	0	0	0
239	0	0	0
240	0	0	0
241	0	0	0
242	0	0	0
243	0	0	0
244	0	0	0
245	0	0	0
246	0	0	0
247	0	0	0
248	0	0	0
249	0	0	0
250	0	0	0
251	0	0	0
252	0	0	0
253	0	0	0
254	0	0	0
255	0	0	0
256	0	0	0
257	0	0	0
258	0	0	0
259	0	0	0
260	0	0	0
261	0	0	0
262	0	0	0
263	0	0	0
264	0	0	0
265	0	0	0
266	0	0	0
267	0	0	0
268	0	0	0
269	0	0	0
270	0	0	0
271	0	0	0
272	0	0	0
273	0	0	0
274	0	0	0
275	0	0	0
276	0	0	0
277	0	0	0
278	0	0	0
279	0	0	0
280	0	0	0
281	0	0	0
282	0	0	0
283	0	0	0
284	0	0	0
285	0	0	0
286	0	0	0
287	0	0	0
288	0	0	0
289	0	0	0
290	0	0	0
291	0	0	0
292	0	0	0
293	0	0	0
294	0	0	0
295	0	0	0
296	0	0	0
297	0	0	0
298	0	0	0
299	0	0	0
300	0	0	0
301	0	0	0
302	0	0	0
303	0	0	0
304	0	0	0
305	0	0	0
306	0	0	0
307	0	0	0
308	0	0	0
309	0	0	0
310	0	0	0
311	0	0	0
312	0	0	0
313	0	0	0
314	0	0	0
315	0	0	0
316	0	0	0
317	0	0	0
318	0	0	0
319	0	0	0
320	0	0	0
321	0	0	0
322	0	0	0
323	0	0	0
324	0	0	0
325	0	0	0
326	0	0	0
327	0	0	0
328	0	0	0
329	0	0	0
330	0	0	0
331	0	0	0
332	0	0	0
333	0	0	0
334	0	0	0
335	0	0	0
336	0	0	0
337	0	0	0
338	0	0	0
339	0	0	0
340	0	0	0
341	0	0	0
342	0	0	0
343	0	0	0
344	0	0	0
345	0	0	0
346	0	0	0
347	0	0	0
348	0	0	0
349	0	0	0
350	0	0	0
351	0	0	0
352	0	0	0
353	0	0	0
354	0	0	0
355	0	0	0
356	0	0	0
357	0	0	0
358	0	0	0
359	0	0	0
360	0	0	0
361	0	0	0
362	0	0	0
363	0	0	0
364	0	0	0
365	0	0	0
366	0	0	0
367	0	0	0
368	0	0	0
369	0	0	0
370	0	0	0
371	0	0	0
372	0	0	0
373	0	0	0
374	0	0	0
375	0	0	0
376	0	0	0
377	0	0	0
378	0	0	0
379	0	0	0
380	0	0	0
381	0	0	0
382	0	0	0
383	0	0	0
384	0	0	0
385	0	0	0
386	0	0	0
387	0	0	0
388	0	0	0
389	0	0	0
390	0	0	0
391	0	0	0
392	0	0	0
393	0	0	0
394	0	0	0
395	0	0	0
396	0	0	0
397	0	0	0
398	0	0	0
399	0	0	0
400	0	0	0
401	0	0	0
402	0	0	0
403	0	0	0
404	0	0	0
405	0	0	0
406	0	0	0
407	0	0	0
408	0	0	0
409	0	0	0
410	0	0	0
411	0	0	0
412	0	0	0
413	0	0	0
414	0	0	0
415	0	0	0
416	0	0	0
417	0	0	0
418	0	0	0
419	0	0	0
420	0	0	0
421	0	0	0
422	0	0	0
423	0	0	0
424	0	0	0
425	0	0	0
426	0	0	0
427	0	0	0
428	0	0	0
429	0	0	0
430	0	0	0
431	0	0	0
432	0	0	0
433	0	0	0
434	0	0	0
435	0	0	0
436	0	0	0
437	0	0	0
438	0	0	0
439	0	0	0
440	0	0	0
441	0	0	0
442	0	0	0
443	0	0	0
444	0	0	0
445	0	0	0
446	0	0	0
447	0	0	0
448	0	0	0
449	0	0	0
450	0	0	0
451	0	0	0
452	0	0	0
453	0	0	0
454	0	0	0
455	0	0	0
456	0	0	0
457	0	0	0
458	0	0	0
459	0	0	0
460	0	0	0
461	0	0	0
462	0	0	0
463	0	0	0
464	0	0	0
465	0	0	0
466	0	0	0
467	0	0	0
468	0	0	0
469	0	0	0
470	0	0	0
471	0	0	0
472	0	0	0
473	0	0	0
474	0	0	0
475	0	0	0
476	0	0	0
477	0	0	0
478	0	0	0
479	0	0	0
480	0	0	0
481	0	0	0
482	0	0	0
483	0	0	0
484	0	0	0
485	0	0	0
486	0	0	0
487	0	0	0
488	0	0	0
489	0	0	0
490	0	0	0
491	0	0	0
492	0	0	0
493	0	0	0
494	0	0	0
495	0	0	0
496	0	0	0
497	0	0	0
498	0	0	0
499	0	0	0
500	0	0	0
501	0	0	0
502	0	0	0
503	0	0	0
504	0	0	0
505	0	0	0
506	0	0	0
507	0	0	0
508	0	0	0
509	0	0	0
510	0	0	0
511	0	0	0
512	0	0	0
513	0	0	0
514	0	0	0
515	0	0	0
516	0	0	0
517	0	0	0
518	0	0	0
519	0	0	0
520	0	0	0
521	0	0	0
522	0	0	0
523	0	0	0
524	0	0	0
525	0	0	0
526	0	0	0
527	0	0	0
528	0	0	0
529	0	0	0
530	0	0	0
531	0	0	0
532	0	0	0
533	0	0	0
534	0	0	0
535	0	0	0
536	0	0	0
537	0	0	0
538	0	0	0
539	0	0	0
540	0	0	0
541	0	0	0
542	0	0	0
543	0	0	0
544	0	0	0
545	0	0	0
546	0	0	0
547	0	0	0
548	0	0	0
549	0	0	0
550	0	0	0
551	0	0	0
552	0	0	0
553	0	0	0
554	0	0	0
555	0	0	0
556	0	0	0
557	0	0	0
558	0	0	0
559	0	0	0
560	0	0	0
561	0	0	0
562	0	0	0
563	0	0	0
564	0	0	0
565	0	0	0
566	0	0	0
567	0	0	0
568	0	0	0
569	0	0	0
570	0	0	0
571	0	0	0
572	0	0	0
573	0	0	0
574	0	0	0
575	0	0	0
576	0	0	0
577	0	0	0
578	0	0	0
579	0	0	0
580	0	0	0
581	0	0	0
582	0	0	0
583	0	0	0
584	0	0	0
585	0	0	0
586	0	0	0
587	0	0	0
588	0	0	0
589	0	0	0
590	0	0	0
591	0	0	0
592	0	0	0
593	0	0	0
594	0	0	0
595	0	0	0
596	0	0	0
597	0	0	0
598	0	0	0
599	0	0	0
600	0	0	0
601	0	0	0
602	0	0	0
603	0	0	0
604	0	0	0
605	0	0	0
606	0	0	0
607	0	0	0
608	0	0	0
609	0	0	0
610	0	0	0
611	0	0	0
612	0	0	0
613	0	0	0
614	0	0	0
615	0	0	0
616	0	0	0
617	0	0	0
618	0	0	0
619	0	0	0
620	0	0	0
621	0	0	0
622	0	0	0
623	0	0	0
624	0	0	0
625	0	0	0
626	0	0	0
627	0	0	0
628	0	0	0
629	0	0	0
630	0	0	0
631	0	0	0
632	0	0	0
633	0	0	0
634	0	0	0
635	0	0	0
636	0	0	0
637	0	0	0
638	0	0	0
639	0	0	0
640	0	0	0
641	0	0	0
642	0	0	0
643	0	0	0
644	0	0	0
645	0	0	0
646	0	0	0
647	0	0	0
648	0	0	0
649	0	0	0
650	0	0	0
651	0	0	0
652	0	0	0
653	0	0	0
654	0	0	0
655	0	0	0
656	0	0	0
657	0	0	0
658	0	0	0
659	0	0	0
660	0	0	0
661	0	0	0
662	0	0	0
663	0	0	0
664	0	0	0
665	0	0	0
666	0	0	0
667	0	0	0
668	0	0	0
669	0	0	0
670	0	0	0
671	0	0	0
672	0	0	0
673	0	0	0
674	0	0	0
675	0	0	0
676	0	0	0
677	0	0	0
678	0	0	0
679	0	0	0
680	0	0	0
681	0	0	0
682	0	0	0
683	0	0	0
684	0	0	0
685	0	0	0
686	0	0	0
687	0	0	0
688	0	0	0
689	0	0	0
690	0	0	0
691	0	0	0
692	0	0	0
693	0	0	0
694	0	0	0
695	0	0	0
696	0	0	0
697	0	0	0
698	0	0	0
699	0	0	0
700	0	0	0
701	0	0	0
702	0	0	0
703	0	0	0
704	0	0	0
705	0	0	0
706	0	0	0
707	0	0	0
708	0	0	0
709	0	0	0
710	0	0	0
711	0	0	0
712	0	0	0
713	0	0	0
714	0	0	0
715	0	0	0
716	0	0	0
717	0	0	0
718	0	0	0
719	0	0	0
720	0	0	0
721	0	0	0
722	0	0	0
723	0	0	0
724	0	0	0
725	0	0	0
726	0	0	0
727	0	0	0
728	0	0	0
729	0	0	0
730	0	0	0
731	0	0	0
732	0	0	0
733	0	0	0
734	0	0	0
735	0	0	0
736	0	0	0
737	0	0	0
738	0	0	0
739	0	0	0
740	0	0	0
741	0	0	0
742	0	0	0
743	0	0	0
744	0	0	0
745	0	0	0
746	0	0	0
747	0	0	0
748	0	0	0
749	0	0	0
750	0	0	0
751	0	0	0
752	0	0	0
753	0	0	0
754	0	0	0
755	0	0	0
756	0	0	0
757	0	0	0
758	0	0	0
759	0	0	0
760	0	0	0
761	0	0	0
762	0	0	0
763	0	0	0
764	0	0	0
765	0	0	0
766	0	0	0
767	0	0	0
768	0	0	0
769	0	0	0
770	0	0	0
771	0	0	0
772	0	0	0
773	0	0	0
774	0	0	0
775	0	0	0
776	0	0	0
777	0	0	0
778	0	0	0
779	0	0	0
780	0	0	0
781	0	0	0
782	0	0	0
783	0	0	0
784	0	0	0
785	0	0	0
786	0	0	0
787	0	0	0
788	0	0	0
789	0	0	0
790	0	0	0
791	0	0	0
792	0	0	0
793	0	0	0
794	0	0	0
795	0	0	0
796	0	0	0
797	0	0	0
798	0	0	0
799	0	0	0
800	0	0	0
801	0	0	0
802	0	0	0
803	0	0	0
804	0	0	0
805	0	0	0
806	0	0	0
807	0	0	0
808	0	0	0
809	0	0	0
810	0	0	0
811	0	0	0
812	0	0	0
813	0	0	0
814	0	0	0
815	0	0	0
816	0	0	0
817	0	0	0
818	0	0	0
819	0	0	0
820	0	0	0
821	0	0	0
822	0	0	0
823	0	0	0
824	0	0	0
825	0	0	0
826	0	0	0
827	0	0	0
828	0	0	0
829	0	0	0
830	0	0	0
831	0	0	0
832	0	0	0
833	0	0	0
834	0	0	0
835	0	0	0
836	0	0	0
837	0	0	0
838	0	0	0
839	0	0	0
840	0	0	0
841	0	0	0
842	0	0	0
843	0	0	0
844	0	0	0
845	0	0	0
846	0	0	0
847	0	0	0
848	0	0	0
849	0	0	0
850	0	0	0
851	0	0	0
852	0	0	0
853	0	0	0
854	0	0	0
855	0	0	0
856	0	0	0
857	0	0	0
858	0	0	0
859	0	0	0
860	0	0	0
861	0	0	0
862	0	0	0
863	0	0	0
864	0	0	0
865	0	0	0
866	0	0	0
867	0	0	0
868	0	0	0
869	0	0	0
870	0	0	0
871	0	0	0
872	0	0	0
873	0	0	0
874	0	0	0
875	0	0	0
876	0	0	0
877	0	0	0
878	0	0	0
879	0	0	0
880	0	0	0
881	0	0	0
882	0	0	0
883	0	0	0
884	0	0	0
885	0	0	0
886	0	0	0
887	0	0	0
888	0	0	0
889	0	0	0
890	0	0	0
891	0	0	0
892	0	0	0
893	0	0	0
894	0	0	0
895	0	0	0
896	0	0	0
897	0	0	0
898	0	0	0
899	0	0	0
900	0	0	0
901	0	0	0
902	0	0	0
903	0	0	0
904	0	0	0
905	0	0	0
906	0	0	0
907	0	0	0
908	0	0	0
909	0	0	0
910	0	0	0
911	0	0	0
912	0	0	0
913	0	0	0
914	0	0	0
915	0	0	0
916	0	0	0
917	0	0	0
918	0	0	0
919	0	0	0
920	0	0	0
921	0	0	0
922	0	0	0
923	0	0	0
924	0	0	0
925	0	0	0
926	0	0	0
927	0	0	0
928	0	0	0
929	0	0	0
930	0	0	0
931	0	0	0
932	0	0	0
933	0	0	0
934	0	0	0
935	0	0	0
936	0	0	0
937	0	0	0
938	0	0	0
939	0	0	0
940	0	0	0
941	0	0	0
942	0	0	0
943	0	0	0
944	0	0	0
945	0	0	0
946	0	0	0
947	0	0	0
948	0	0	0
949	0	0	0
950	0	0	0
951	0	0	0
952	0	0	0
953	0	0	0
954	0	0	0
955	0	0	0
956	0	0	0
957	0	0	0
958	0	0	0
959	0	0	0
960	0	0	0
961	0	0	0
962	0	0	0
963	0	0	0
964	0	0	0
965	0	0	0
966	0	0	0
967	0	0	0
968	0	0	0
969	0	0	0
970	0	0	0
971	0	0	0
972	0	0	0
973	0	0	0
974	0	0	0
975	0	0	0
976	0	0	0
977	0	0	0
978	0	0	0
979	0	0	0
980	0	0	0
981	0	0	0
982	0	0	0
983	0	0	0
984	0	0	0
985	0	0	0
986	0	0	0
987	0	0	0
988	0	0	0
989	0	0	0
990	0	0	0
991	0	0	0
992	0	0	0
993	0	0	0
994	0	0	0
995	0	0	0
996	0	0	0
997	0	0	0
998	0	0	0
999	0	0	0
1000	0	0	0
1001	0	0	0
1002	0	0	0
1003	0	0	0
1004	0	0	0
1005	0	0	0
1006	0	0	0
1007	0	0	0
1008	0	0	0
1009	0	0	0
1010	0	0	0
1011	0	0	0
1012	0	0	0
1013	0	0	0
1014	0	0	0
1015	0	0	0
1016	0	0	0
1017	0	0	0
1018	0	0	0
1019	0	0	0
1020	0	0	0
1021	0	0	0
1022	0	0	0
1023	0	0	0
1024	0	0	0
1025	0	0	0
1026	0	0	0
1027	0	0	0
1028	0	0	0
1029	0	0	0
1030	0	0	0
1031	0	0	0
1032	0	0	0
1033	0	0	0
1034	0	0	0
1035	0	0	0
1036	0	0	0
1037	0	0	0
1038	0	0	0
1039	0	0	0
1040	0	0	0
1041	0	0	0
1042	0	0	0
1043	0	0	0
1044	0	0	0
1045	0	0	0
1046	0	0	0
1047	0	0	0
1048	0	0	0
1049	0	0	0
1050	0	0	0
1051	0	0	0
1052	0	0	0
1053	0	0	0
1054	0	0	0
1055	0	0	0
1056	0	0	0
1057	0	0	0
1058	0	0	0
1059	0	0	0
1060	0	0	0
1061	0	0	0
1062	0	0	0
1063	0	0	0
1064	0	0	0
1065	0	0	0
1066	0	0	0
1067	0	0	0
1068	0	0	0
1069	0	0	0
1070	0	0	0
1071	0	0	0
1072	0	0	0
1073	0	0	0
1074	0	0	0
1075	0	0	0
1076	0	0	0
1077	0	0	0
1078	0	0	0
1079	0	0	0
1080	0	0	0
1081	0	0	0
1082	0	0	0
1083	0	0	0
1084	0	0	0
1085	0	0	0
1086	0	0	0
1087	0	0	0
1088	0	0	0
1089	0	0	0
1090	0	0	0
1091	0	0	0
1092	0	0	0
1093	0	0	0
1094	0	0	0
1095	0	0	0
1096	0	0	0
1097	0	0	0
1098	0	0	0
1099	0	0	0
1100	0	0	0
1101	0	0	0
1102	0	0	0
1103	0	0	0
1104	0	0	0
1105	0	0	0
1106	0	0	0
1107	0	0	0
1108	0	0	0
1109	0	0	0
1110	0	0	0
1111	0	0	0
1112	0	0	0
1113	0	0	0
1114	0	0	0
1115	0	0	0
1116	0	0	0
1117	0	0	0
1118	0	0	0
1119	0	0	0
1120	0	0	0
1121	0	0	0
1122	0	0	0
1123	0	0	0
1124	0	0	0
1125	0	0	0
1126	0	0	0
1127	0	0	0
1128	0	0	0
1129	0	0	0
1130	0	0	0
1131	0	0	0
1132	0	0	0
1133	0	0	0
1134	0	0	0
1135	0	0	0
1136	0	0	0
1137	0	0	0
1138	0	0	0
1139	0	0	0
1140	0	0	0
1141	0	0	0
1142	0	0	0
1143	0	0	0
1144	0	0	0
1145	0	0	0
1146	0	0	0
1147	0	0	0
1148	0	0	0
1149	0	0	0
1150	0	0	0
1151	0	0	0
1152	0	0	0
1153	0	0	0
1154	0	0	0
1155	0	0	0
1156	0	0	0
1157	0	0	0
1158	0	0	0
1159	0	0	0
1160	0	0	0
1161	0	0	0
1162	0	0	0
1163	0	0	0
1164	0	0	0
1165	0	0	0
1166	0	0	0
1167	0	0	0
1168	0	0	0
1169	0	0	0
1170	0	0	0
1171	0	0	0
1172	0	0	0
1173	0	0	0
1174	0	0	0
1175	0	0	0
1176	0	0	0
1177	0	0	0
1178	0	0	0
1179	0	0	0
1180	0	0	0
1181	0	0	0
1182	0	0	0
1183	0	0	0
1184	0	0	0
1185	0	0	0
1186	0	0	0
1187	0	0	0
1188	0	0	0
1189	0	0	0
1190	0	0	0
1191	0	0	0
1192	0	0	0
1193	0	0	0
1194	0	0	0
1195	0	0	0
1196	0	0	0
1197	0	0	0
1198	0	0	0
1199	0	0	0
1200	0	0	0
1201	0	0	0
1202	0	0	0
1203	0	0	0
1204	0	0	0
1205	0	0	0
1206	0	0	0
1207	0	0	0
1208	0	0	0
1209	0	0	0
1210	0	0	0
1211	0	0	0
1212	0	0	0
1213	0	0	0
1214	0	0	0
1215	0	0	0
1216	0	0	0
1217	0	0	0
1218	0	0	0
1219	0	0	0
1220	0	0	0
1221	0	0	0
1222	0	0	0
1223	0	0	0
1224	0	0	0
1225	0	0	0
1226	0	0	0
1227	0	0	0
1228	0	0	0
1229	0	0	0
1230	0	0	0
1231	0	0	0
1232	0	0	0
1233	0	0	0
1234	0	0	0
1235	0	0	0
1236	0	0	0
1237	0	0	0
1238	0	0	0
1239	0	0	0
1240	0	0	0
1241	0	0	0
1242	0	0	0
1243	0	0	0
1244	0	0	0
1245	0	0	0
1246	0	0	0
1247	0	0	0
1248	0	0	0
1249	0	0	0
1250	0	0	0
1251	0	0	0
1252	0	0	0
1253	0	0	0
1254	0	0	0
1255	0	0	0
1256	0	0	0
1257	0	0	0
1258	0	0	0
1259	0	0	0
1260	0	0	0
1261	0	0	0
1262	0	0	0
1263	0	0	0
1264	0	0	0
1265	0	0	0
1266	0	0	0
1267	0	0	0
1268	0	0	0
1269	0	0	0
1270	0	0	0
1271	0	0	0
1272	0	0	0
1273	0	0	0
1274	0	0	0
1275	0	0	0
1276	0	0	0
1277	0	0	0
1278	0	0	0
1279	0	0	0
1280	0	0	0
1281	0	0	0
1282	0	0	0
1283	0	0	0
1284	0	0	0
1285	0	0	0
1286	0	0	0
1287	0	0	0
1288	0	0	0
1289	0	0	0
1290	0	0	0
1291	0	0	0
1292	0	0	0
1293	0	0	0
1294	0	0	0
1295	0	0	0
1296	0	0	0
1297	0	0	0
1298	0	0	0
1299	0	0	0
1300	0	0	0
1301	0	0	0
1302	0	0	0
1303	0	0	0
1304	0	0	0
1305	0	0	0
1306	0	0	0
1307	0	0	0
1308	0	0	0
1309	0	0	0
1310	0	0	0
1311	0	0	0
1312	0	0	0
1313	0	0	0
1314	0	0	0
1315	0	0	0
1316	0	0	0
1317	0	0	0
1318	0	0	0
1319	0	0	0
1320	0	0	0
1321	1	0	1
1322	1	0	1
1323	1	0	1
1324	1	0	1
1325	1	0	1
1326	1	0	1
1327	1	0	1
1328	1	0	1
1329	1	0	1
1330	1	0	1
1331	1	0	1
1332	1	0	1
1333	1	0	1
1334	1	0	1
1335	1	0	1
1336	1	0	1
1337	1	0	1
1338	1	0	1
1339	1	0	1
1340	2	0	2
1341	2	0	2
1342	2	0	2
1343	2	0	2
1344	2	0	2
1345	2	0	2
1346	2	0	2
1347	2	0	2
1348	2	0	2
1349	2	0	2
1350	2	0	2
1351	2	0	2
1352	2	0	2
1353	2	0	2
1354	2	0	2
1355	2	0	2
1356	2	0	2
1357	2	0	2
1358	2	0	2
1359	2	0	2
1360	2	0	2
1361	2	0	2
1362	2	0	2
1363	2	0	2
1364	2	0	2
1365	2	0	2
1366	2	0	2
1367	2	0	2
1368	2	0	2
1369	2	0	2
1370	2	0	2
1371	2	0	2
1372	2	0	2
1373	2	0	2
1374	2	0	2
1375	2	0	2
1376	2	0	2
1377	2	0	2
1378	2	0	2
1379	2	0	2
1380	2	0	2
1381	2	0	2
1382	2	0	2
1383	2	0	2
1384	2	0	2
1385	2	0	2
1386	2	0	2
1387	2	0	2
1388	2	0	2
1389	2	0	2
1390	2	0	2
1391	2	0	2
1392	2	0	2
1393	2	0	2
1394	2	0	2
1395	2	0	2
1396	2	0	2
1397	2	0	2
1398	2	0	2
1399	2	0	2
1400	2	0	2
1401	2	0	2
1402	2	0	2
1403	2	0	2
1404	2	0	2
1405	2	0	2
1406	2	0	2
1407	2	0	2
1408	2	0	2
1409	2	0	2
1410	2	0	2
1411	2	0	2
1412	2	0	2
1413	2	0	2
1414	2	0	2
1415	2	0	2
1416	2	0	2
1417	2	0	2
1418	2	0	2
1419	2	0	2
1420	2	0	2
1421	2	0	2
1422	2	0	2
1423	2	0	2
1424	2	0	2
1425	2	0	2
1426	2	0	2
1427	2	0	2
1428	2	0	2
1429	2	0	2
1430	2	0	2
1431	2	0	2
1432	2	0	2
1433	2	0	2
1434	2	0	2
1435	2	0	2
1436	2	0	2
1437	2	0	2
1438	2	0	2
1439	2	0	2
1440	2	0	2
1441	2	0	2
1442	2	0	2
1443	2	0	2
1444	2	0	2
1445	2	0	2
1446	2	0	2
1447	2	0	2
1448	2	0	2
1449	2	0	2
1450	2	0	2
1451	2	0	2
1452	2	0	2
1453	2	0	2
1454	2	0	2
1455	2	0	2
1456	2	0	2
1457	2	0	2
1458	2	0	2
1459	2	0	2
1460	2	0	2
1461	2	0	2
1462	2	0	2
1463	2	0	2
1464	2	0	2
1465	2	0	2
1466	2	0	2
1467	2	0	2
1468	2	0	2
1469	2	0	2
1470	2	0	2
1471	2	0	2
1472	2	0	2
1473	2	0	2
1474	2	0	2
1475	2	0	2
1476	2	0	2
1477	2	0	2
1478	2	0	2
1479	2	0	2
1480	2	0	2
1481	2	0	2
1482	2	0	2
1483	2	0	2
1484	2	0	2
1485	2	0	2
1486	2	0	2
1487	2	0	2
1488	2	0	2
1489	2	0	2
1490	2	0	2
1491	2	0	2
1492	2	0	2
1493	2	0	2
1494	2	0	2
1495	2	0	2
1496	2	0	2
1497	2	0	2
1498	2	0	2
1499	2	0	2
1500	2	0	2
1501	2	0	2
1502	2	0	2
1503	2	0	2
1504	2	0	2
1505	2	0	2
1506	2	0	2
1507	2	0	2
1508	2	0	2
1509	2	0	2
1510	2	0	2
1511	2	0	2
1512	2	0	2
1513	2	0	2
1514	2	0	2
1515	2	0	2
1516	2	0	2
1517	2	0	2
1518	2	0	2
1519	2	0	2
1520	2	0	2
1521	2	0	2
1522	2	0	2
1523	2	0	2
1524	2	0	2
1525	2	0	2
1526	2	0	2
1527	2	0	2
1528	2	0	2
1529	2	0	2
1530	2	0	2
1531	2	0	2
1532	2	0	2
1533	2	0	2
1534	2	0	2
1535	2	0	2
1536	2	0	2
1537	2	0	2
1538	2	0	2
1539	2	0	2
1540	2	0	2
1541	2	0	2
1542	2	0	2
1543	2	0	2
1544	2	0	2
1545	2	0	2
1546	2	0	2
1547	2	0	2
1548	2	0	2
1549	2	0	2
1550	2	0	2
1551	2	0	2
1552	2	0	2
1553	2	0	2
1554	2	0	2
1555	2	0	2
1556	2	0	2
1557	2	0	2
1558	2	0	2
1559	2	0	2
1560	2	0	2
1561	2	0	2
1562	2	0	2
1563	2	0	2
1564	2	0	2
1565	2	0	2
1566	2	0	2
1567	2	0	2
1568	2	0	2
1569	2	0	2
1570	2	0	2
1571	2	0	2
1572	2	0	2
1573	2	0	2
1574	2	0	2
1575	2	0	2
1576	2	0	2
1577	2	0	2
1578	2	0	2
1579	2	0	2
1580	2	0	2
1581	2	0	2
1582	2	0	2
1583	2	0	2
1584	2	0	2
1585	2	0	2
1586	2	0	2
1587	2	0	2
1588	2	0	2
1589	2	0	2
1590	2	0	2
1591	2	0	2
1592	2	0	2
1593	2	0	2
1594	2	0	2
1595	2	0	2
1596	2	0	2
1597	2	0	2
1598	2	0	2
1599	2	0	2
1600	2	0	2
1601	2	0	2
1602	2	0	2
1603	2	0	2
1604	2	0	2
1605	2	0	2
1606	2	0	2
1607	2	0	2
1608	2	0	2
1609	2	0	2
1610	2	0	2
1611	2	0	2
1612	2	0	2
1613	2	0	2
1614	2	0	2
1615	2	0	2
1616	2	0	2
1617	2	0	2
1618	2	0	2
1619	2	0	2
1620	2	0	2
1621	2	0	2
1622	2	0	2
1623	2	0	2
1624	2	0	2
1625	2	0	2
1626	2	0	2
1627	2	0	2
1628	2	0	2
1629	2	0	2
1630	2	0	2
1631	2	0	2
1632	2	0	2
1633	2	0	2
1634	2	0	2
1635	2	0	2
1636	2	0	2
1637	2	0	2
1638	2	0	2
1639	2	0	2
1640	2	0	2
1641	2	0	2
1642	2	0	2
1643	2	0	2
1644	2	0	2
1645	2	0	2
1646	2	0	2
1647	2	0	2
1648	2	0	2
1649	2	0	2
1650	2	0	2
1651	2	0	2
1652	2	0	2
1653	2	0	2
1654	2	0	2
1655	2	0	2
1656	2	0	2
1657	2	0	2
1658	2	0	2
1659	2	0	2
1660	2	0	2
1661	2	0	2
1662	2	0	2
1663	2	0	2
1664	2	0	2
1665	2	0	2
1666	2	0	2
1667	2	0	2
1668	2	0	2
1669	2	0	2
1670	2	0	2
1671	2	0	2
1672	2	0	2
1673	2	0	2
1674	2	0	2
1675	2	0	2
1676	2	0	2
1677	2	0	2
1678	2	0	2
1679	2	0	2
1680	2	0	2
1681	2	0	2
1682	2	0	2
1683	2	0	2
1684	2	0	2
1685	2	0	2
1686	2	0	2
1687	2	0	2
1688	2	0	2
1689	2	0	2
1690	2	0	2
1691	2	0	2
1692	2	0	2
1693	2	0	2
1694	2	0	2
1695	2	0	2
1696	2	0	2
1697	2	0	2
1698	2	0	2
1699	2	0	2
1700	2	0	2
1701	2	0	2
1702	2	0	2
1703	2	0	2
1704	2	0	2
1705	2	0	2
1706	2	0	2
1707	2	0	2
1708	2	0	2
1709	2	0	2
1710	2	0	2
1711	2	0	2
1712	2	0	2
1713	2	0	2
1714	2	0	2
1715	2	0	2
1716	2	0	2
1717	2	0	2
1718	2	0	2
1719	2	0	2
1720	2	0	2
1721	2	0	2
1722	2	0	2
1723	2	0	2
1724	2	0	2
1725	2	0	2
1726	2	0	2
1727	2	0	2
1728	2	0	2
1729	2	0	2
1730	2	0	2
1731	2	0	2
1732	2	0	2
1733	2	0	2
1734	2	0	2
1735	2	0	2
1736	2	0	2
1737	2	0	2
1738	2	0	2
1739	2	0	2
1740	2	0	2
1741	2	0	2
1742	2	0	2
1743	2	0	2
1744	2	0	2
1745	2	0	2
1746	2	0	2
1747	2	0	2
1748	2	0	2
1749	2	0	2
1750	2	0	2
1751	2	0	2
1752	2	0	2
1753	2	0	2
1754	2	0	2
1755	2	0	2
1756	2	0	2
1757	2	0	2
1758	2	0	2
1759	2	0	2
1760	2	0	2
1761	2	0	2
1762	2	0	2
1763	2	0	2
1764	2	0	2
1765	2	0	2
1766	2	0	2
1767	2	0	2
1768	2	0	2
1769	2	0	2
1770	2	0	2
1771	2	0	2
1772	2	0	2
1773	2	0	2
1774	2	0	2
1775	2	0	2
1776	2	0	2
1777	2	0	2
1778	2	0	2
1779	2	0	2
1780	2	0	2
1781	2	0	2
1782	2	0	2
1783	2	0	2
1784	2	0	2
1785	2	0	2
1786	2	0	2
1787	2	0	2
1788	2	0	2
1789	2	0	2
1790	2	0	2
1791	2	0	2
1792	2	0	2
1793	2	0	2
1794	2	0	2
1795	2	0	2
1796	2	0	2
1797	2	0	2
1798	2	0	2
1799	2	0	2
1800	2	0	2
1801	2	0	2
1802	2	0	2
1803	2	0	2
1804	2	0	2
1805	2	0	2
1806	2	0	2
1807	2	0	2
1808	2	0	2
1809	2	0	2
1810	2	0	2
1811	2	0	2
1812	2	0	2
1813	2	0	2
1814	2	0	2
1815	2	0	2
1816	2	0	2
1817	2	0	2
1818	2	0	2
1819	2	0	2
1820	2	0	2
1821	2	0	2
1822	2	0	2
1823	2	0	2
1824	2	0	2
1825	2	0	2
1826	2	0	2
1827	2	0	2
1828	2	0	2
1829	2	0	2
1830	2	0	2
1831	2	0	2
1832	2	0	2
1833	2	0	2
1834	2	0	2
1835	2	0	2
1836	2	0	2
1837	2	0	2
1838	2	0	2
1839	2	0	2
1840	2	0	2
1841	2	0	2
1842	2	0	2
1843	2	0	2
1844	2	0	2
1845	2	0	2
1846	2	0	2
1847	2	0	2
1848	2	0	2
1849	2	0	2
1850	2	0	2
1851	2	0	2
1852	2	0	2
1853	2	0	2
1854	2	0	2
1855	2	0	2
1856	2	0	2
1857	2	0	2
1858	2	0	2
1859	2	0	2
1860	2	0	2
1861	2	0	2
1862	2	0	2
1863	3	0	3
1864	3	0	3
1865	3	0	3
1866	3	0	3
1867	3	0	3
1868	3	0	3
1869	3	0	3
1870	3	0	3
1871	3	0	3
1872	3	0	3
1873	3	0	3
1874	3	0	3
1875	3	0	3
1876	3	0	3
1877	3	0	3
1878	3	0	3
1879	3	0	3
1880	3	0	3
1881	3	0	3
1882	3	0	3
1883	3	0	3
1884	3	0	3
1885	3	0	3
1886	3	0	3
1887	3	0	3
1888	3	0	3
1889	3	0	3
1890	3	0	3
1891	3	0	3
1892	3	0	3
1893	3	0	3
1894	3	0	3
1895	3	0	3
1896	3	0	3
1897	3	0	3
1898	3	0	3
1899	3	0	3
1900	3	0	3
1901	3	0	3
1902	3	0	3
1903	3	0	3
1904	3	0	3
1905	3	0	3
1906	3	0	3
1907	3	0	3
1908	3	0	3
1909	3	0	3
1910	3	0	3
1911	3	0	3
1912	3	0	3
1913	3	0	3
1914	3	0	3
1915	3	0	3
1916	3	0	3
1917	3	0	3
1918	3	0	3
1919	3	0	3
1920	3	0	3
1921	3	0	3
1922	3	0	3
1923	3	0	3
1924	3	0	3
1925	3	0	3
1926	3	0	3
1927	3	0	3
1928	4	0	4
1929	4	0	4
1930	4	0	4
1931	4	0	4
1932	4	0	4
1933	4	0	4
1934	4	0	4
1935	4	0	4
1936	4	0	4
1937	4	0	4
1938	4	0	4
1939	4	0	4
1940	4	0	4
1941	4	0	4
1942	4	0	4
1943	4	0	4
1944	4	0	4
1945	4	0	4
1946	4	0	4
1947	4	0	4
1948	4	0	4
1949	4	0	4
1950	4	0	4
1951	4	0	4
1952	4	0	4
1953	4	0	4
1954	4	0	4
1955	4	0	4
1956	4	0	4
1957	4	0	4
1958	4	0	4
1959	4	0	4
1960	4	0	4
1961	4	0	4
1962	4	0	4
1963	4	0	4
1964	4	0	4
1965	4	0	4
1966	4	0	4
1967	4	0	4
1968	4	0	4
1969	4	0	4
1970	4	0	4
1971	4	0	4
1972	4	0	4
1973	4	0	4
1974	4	0	4
1975	4	0	4
1976	4	0	4
1977	4	0	4
1978	4	0	4
1979	4	0	4
1980	4	0	4
1981	4	0	4
1982	4	0	4
1983	4	0	4
1984	4	0	4
1985	4	0	4
1986	4	0	4
1987	4	0	4
1988	4	0	4
1989	4	0	4
1990	4	0	4
1991	4	0	4
1992	4	0	4
1993	4	0	4
1994	4	0	4
1995	4	0	4
1996	4	0	4
1997	4	0	4
1998	4	0	4
1999	4	0	4
2000	4	0	4
2001	4	0	4
2002	4	0	4
2003	4	0	4
2004	4	0	4
2005	4	0	4
2006	4	0	4
2007	4	0	4
2008	4	0	4
2009	4	0	4
2010	4	0	4
2011	4	0	4
2012	4	0	4
2013	4	0	4
2014	4	0	4
2015	4	0	4
2016	4	0	4
2017	4	0	4
2018	4	0	4
2019	4	0	4
2020	4	0	4
2021	4	0	4
2022	4	0	4
2023	4	0	4
2024	4	0	4
2025	4	0	4
2026	4	0	4
2027	4	0	4
2028	4	0	4
2029	4	0	4
2030	4	0	4
2031	4	0	4
2032	4	0	4
2033	4	0	4
2034	4	0	4
2035	4	0	4
2036	4	0	4
2037	4	0	4
2038	4	0	4
2039	4	0	4
2040	4	0	4
2041	4	0	4
2042	4	0	4
2043	4	0	4
2044	4	0	4
2045	4	0	4
2046	4	0	4
2047	4	0	4
2048	4	0	4
2049	4	0	4
2050	4	0	4
2051	4	0	4
2052	4	0	4
2053	4	0	4
2054	4	0	4
2055	4	0	4
2056	4	0	4
2057	4	0	4
2058	4	0	4
2059	4	0	4
2060	4	0	4
2061	4	0	4
2062	4	0	4
2063	4	0	4
2064	4	0	4
2065	4	0	4
2066	4	0	4
2067	4	0	4
2068	4	0	4
2069	4	0	4
2070	4	0	4
2071	4	0	4
2072	4	0	4
2073	4	0	4
2074	4	0	4
2075	4	0	4
2076	4	0	4
2077	4	0	4
2078	4	0	4
2079	4	0	4
2080	4	0	4
2081	4	0	4
2082	4	0	4
2083	4	0	4
2084	4	0	4
2085	4	0	4
2086	4	0	4
2087	4	0	4
2088	4	0	4
2089	4	0	4
2090	4	0	4
2091	4	0	4
2092	4	0	4
2093	4	0	4
2094	4	0	4
2095	4	0	4
2096	4	0	4
2097	4	0	4
2098	4	0	4
2099	4	0	4
2100	4	0	4
2101	4	0	4
2102	4	0	4
2103	4	0	4
2104	4	0	4
2105	4	0	4
2106	4	0	4
2107	4	0	4
2108	4	0	4
2109	4	0	4
2110	4	0	4
2111	4	0	4
2112	4	0	4
2113	4	0	4
2114	4	0	4
2115	4	0	4
2116	4	0	4
2117	4	0	4
2118	4	0	4
2119	4	0	4
2120	4	0	4
2121	4	0	4
2122	4	0	4
2123	4	0	4
2124	4	0	4
2125	4	0	4
2126	4	0	4
2127	4	0	4
2128	4	0	4
2129	4	0	4
2130	4	0	4
2131	4	0	4
2132	4	0	4
2133	4	0	4
2134	4	0	4
2135	4	0	4
2136	4	0	4
2137	4	0	4
2138	4	0	4
2139	4	0	4
2140	4	0	4
2141	4	0	4
2142	4	0	4
2143	4	0	4
2144	4	0	4
2145	4	0	4
2146	4	0	4
2147	4	0	4
2148	4	0	4
2149	4	0	4
2150	4	0	4
2151	4	0	4
2152	4	0	4
2153	4	0	4
2154	4	0	4
2155	4	0	4
2156	4	0	4
2157	4	0	4
2158	4	0	4
2159	4	0	4
2160	4	0	4
2161	4	0	4
2162	4	0	4
2163	4	0	4
2164	4	0	4
2165	4	0	4
2166	4	0	4
2167	4	0	4
2168	4	0	4
2169	4	0	4
2170	4	0	4
2171	4	0	4
2172	4	0	4
2173	4	0	4
2174	4	0	4
2175	4	0	4
2176	4	0	4
2177	4	0	4
2178	4	0	4
2179	4	0	4
2180	4	0	4
2181	4	0	4
2182	4	0	4
2183	4	0	4
2184	4	0	4
2185	4	0	4
2186	4	0	4
2187	4	0	4
2188	4	0	4
2189	4	0	4
2190	4	0	4
2191	4	0	4
2192	4	0	4
2193	4	0	4
2194	4	0	4
2195	4	0	4
2196	4	0	4
2197	4	0	4
2198	4	0	4
2199	4	0	4
2200	4	0	4
2201	4	0	4
2202	4	0	4
2203	4	0	4
2204	4	0	4
2205	4	0	4
2206	4	0	4
2207	4	0	4
2208	4	0	4
2209	4	0	4
2210	4	0	4
2211	4	0	4
2212	4	0	4
2213	4	0	4
2214	4	0	4
2215	4	0	4
2216	4	0	4
2217	4	0	4
2218	4	0	4
2219	4	0	4
2220	4	0	4
2221	4	0	4
2222	4	0	4
2223	4	0	4
2224	4	0	4
2225	4	0	4
2226	4	0	4
2227	4	0	4
2228	4	0	4
2229	4	0	4
2230	4	0	4
2231	4	0	4
2232	4	0	4
2233	4	0	4
2234	4	0	4
2235	4	0	4
2236	4	0	4
2237	4	0	4
2238	4	0	4
2239	4	0	4
2240	4	0	4
2241	4	0	4
2242	4	0	4
2243	4	0	4
2244	4	0	4
2245	4	0	4
2246	4	0	4
2247	4	0	4
2248	4	0	4
2249	4	0	4
2250	4	0	4
2251	4	0	4
2252	4	0	4
2253	4	0	4
2254	4	0	4
2255	4	0	4
2256	4	0	4
2257	4	0	4
2258	4	0	4
2259	4	0	4
2260	4	0	4
2261	4	0	4
2262	4	0	4
2263	4	0	4
2264	4	0	4
2265	4	0	4
2266	4	0	4
2267	4	0	4
2268	4	0	4
2269	4	0	4
2270	4	0	4
2271	4	0	4
2272	4	0	4
2273	4	0	4
2274	4	0	4
2275	4	0	4
2276	4	0	4
2277	4	0	4
2278	4	0	4
2279	4	0	4
2280	4	0	4
2281	4	0	4
2282	4	0	4
2283	4	0	4
2284	4	0	4
2285	4	0	4
2286	4	0	4
2287	4	0	4
2288	4	0	4
2289	4	0	4
2290	4	0	4
2291	4	0	4
2292	4	0	4
2293	4	0	4
2294	4	0	4
2295	4	0	4
2296	4	0	4
2297	4	0	4
2298	4	0	4
2299	4	0	4
2300	4	0	4
2301	4	0	4
2302	4	0	4
2303	4	0	4
2304	4	0	4
2305	4	0	4
2306	4	0	4
2307	4	0	4
2308	4	0	4
2309	4	0	4
2310	4	0	4
2311	4	0	4
2312	4	0	4
2313	4	0	4
2314	4	0	4
2315	4	0	4
2316	4	0	4
2317	4	0	4
2318	4	0	4
2319	4	0	4
2320	4	0	4
2321	4	0	4
2322	4	0	4
2323	4	0	4
2324	4	0	4
2325	4	0	4
2326	4	0	4
2327	4	0	4
2328	4	0	4
2329	4	0	4
2330	4	0	4
2331	4	0	4
2332	4	0	4
2333	4	0	4
2334	4	0	4
2335	4	0	4
2336	4	0	4
2337	4	0	4
2338	4	0	4
2339	4	0	4
2340	4	0	4
2341	4	0	4
2342	4	0	4
2343	4	0	4
2344	4	0	4
2345	4	0	4
2346	4	0	4
2347	4	0	4
2348	4	0	4
2349	4	0	4
2350	4	0	4
2351	4	0	4
2352	4	0	4
2353	4	0	4
2354	4	0	4
2355	4	0	4
2356	4	0	4
2357	4	0	4
2358	4	0	4
2359	4	0	4
2360	4	0	4
2361	4	0	4
2362	4	0	4
2363	4	0	4
2364	4	0	4
2365	4	0	4
2366	4	0	4
2367	4	0	4
2368	4	0	4
2369	4	0	4
2370	4	0	4
2371	4	0	4
2372	4	0	4
2373	4	0	4
2374	4	0	4
2375	4	0	4
2376	4	0	4
2377	4	0	4
2378	4	0	4
2379	4	0	4
2380	4	0	4
2381	4	0	4
2382	4	0	4
2383	4	0	4
2384	4	0	4
2385	4	0	4
2386	4	0	4
2387	4	0	4
2388	4	0	4
2389	4	0	4
2390	4	0	4
2391	4	0	4
2392	4	0	4
2393	4	0	4
2394	4	0	4
2395	4	0	4
2396	4	0	4
2397	4	0	4
2398	4	0	4
2399	4	0	4
2400	4	0	4
2401	4	0	4
2402	4	0	4
2403	4	0	4
2404	4	0	4
2405	4	0	4
2406	4	0	4
2407	4	0	4
2408	4	0	4
2409	4	0	4
2410	4	0	4
2411	4	0	4
2412	4	0	4
2413	4	0	4
2414	4	0	4
2415	4	0	4
2416	4	0	4
2417	4	0	4
2418	4	0	4
2419	4	0	4
2420	4	0	4
2421	4	0	4
2422	4	0	4
2423	4	0	4
2424	4	0	4
2425	4	0	4
2426	4	0	4
2427	4	0	4
2428	4	0	4
2429	4	0	4
2430	4	0	4
2431	4	0	4
2432	4	0	4
2433	4	0	4
2434	4	0	4
2435	4	0	4
2436	4	0	4
2437	4	0	4
2438	4	0	4
2439	4	0	4
2440	4	0	4
2441	4	0	4
2442	4	0	4
2443	4	0	4
2444	4	0	4
2445	4	0	4
2446	4	0	4
2447	4	0	4
2448	4	0	4
2449	4	0	4
2450	4	0	4
2451	4	0	4
2452	4	0	4
2453	4	0	4
2454	4	0	4
2455	4	0	4
2456	4	0	4
2457	4	0	4
2458	4	0	4
2459	4	0	4
2460	4	0	4
2461	4	0	4
2462	4	0	4
2463	4	0	4
2464	4	0	4
2465	4	0	4
2466	4	0	4
2467	4	0	4
2468	4	0	4
2469	4	0	4
2470	4	0	4
2471	4	0	4
2472	4	0	4
2473	4	0	4
2474	4	0	4
2475	4	0	4
2476	4	0	4
2477	4	0	4
2478	4	0	4
2479	4	0	4
2480	4	0	4
2481	4	0	4
2482	4	0	4
2483	4	0	4
2484	4	0	4
2485	4	0	4
2486	4	0	4
2487	4	0	4
2488	4	0	4
2489	4	0	4
2490	4	0	4
2491	4	0	4
2492	4	0	4
2493	4	0	4
2494	4	0	4
2495	4	0	4
2496	4	0	4
2497	4	0	4
2498	4	0	4
2499	4	0	4
2500	4	0	4
2501	4	0	4
2502	4	0	4
2503	4	0	4
2504	4	0	4
2505	4	0	4
2506	4	0	4
2507	4	0	4
2508	4	0	4
2509	4	0	4
2510	4	0	4
2511	4	0	4
2512	4	0	4
2513	4	0	4
2514	4	0	4
2515	4	0	4
2516	4	0	4
2517	4	0	4
2518	4	0	4
2519	4	0	4
2520	4	0	4
2521	4	0	4
2522	4	0	4
2523	4	0	4
2524	4	0	4
2525	4	0	4
2526	4	0	4
2527	4	0	4
2528	4	0	4
2529	4	0	4
2530	4	0	4
2531	4	0	4
2532	4	0	4
2533	4	0	4
2534	4	0	4
2535	4	0	4
2536	4	0	4
2537	4	0	4
2538	4	0	4
2539	4	0	4
2540	4	0	4
2541	4	0	4
2542	4	0	4
2543	4	0	4
2544	4	0	4
2545	4	0	4
2546	4	0	4
2547	4	0	4
2548	4	0	4
2549	4	0	4
2550	4	0	4
2551	4	0	4
2552	4	0	4
2553	4	0	4
2554	4	0	4
2555	4	0	4
2556	4	0	4
2557	4	0	4
2558	4	0	4
2559	4	0	4
2560	4	0	4
2561	4	0	4
2562	4	0	4
2563	4	0	4
2564	4	0	4
2565	4	0	4
2566	4	0	4
2567	4	0	4
2568	4	0	4
2569	4	0	4
2570	4	0	4
2571	4	0	4
2572	4	0	4
2573	4	0	4
2574	4	0	4
2575	4	0	4
2576	4	0	4
2577	4	0	4
2578	4	0	4
2579	4	0	4
2580	4	0	4
2581	4	0	4
2582	4	0	4
2583	4	0	4
2584	4	0	4
2585	4	0	4
2586	4	0	4
2587	4	0	4
2588	4	0	4
2589	4	0	4
2590	4	0	4
2591	4	0	4
2592	4	0	4
2593	4	0	4
2594	4	0	4
2595	4	0	4
2596	4	0	4
2597	4	0	4
2598	4	0	4
2599	4	0	4
2600	4	0	4
2601	4	0	4
2602	4	0	4
2603	4	0	4
2604	4	0	4
2605	4	0	4
2606	4	0	4
2607	4	0	4
2608	4	0	4
2609	4	0	4
2610	4	0	4
2611	4	0	4
2612	4	0	4
2613	4	0	4
2614	4	0	4
2615	4	0	4
2616	4	0	4
2617	4	0	4
2618	4	0	4
2619	4	0	4
2620	4	0	4
2621	4	0	4
2622	4	0	4
2623	4	0	4
2624	4	0	4
2625	4	0	4
2626	4	0	4
2627	4	0	4
2628	4	0	4
2629	4	0	4
2630	4	0	4
2631	4	0	4
2632	4	0	4
2633	4	0	4
2634	4	0	4
2635	4	0	4
2636	4	0	4
2637	4	0	4
2638	4	0	4
2639	4	0	4
2640	4	0	4
2641	4	0	4
2642	4	0	4
2643	4	0	4
2644	4	0	4
2645	4	0	4
2646	4	0	4
2647	4	0	4
2648	4	0	4
2649	4	0	4
2650	4	0	4
2651	4	0	4
2652	4	0	4
2653	4	0	4
2654	4	0	4
2655	4	0	4
2656	4	0	4
2657	4	0	4
2658	4	0	4
2659	4	0	4
2660	4	0	4
2661	4	0	4
2662	4	0	4
2663	4	0	4
2664	4	0	4
2665	4	0	4
2666	4	0	4
2667	4	0	4
2668	4	0	4
2669	4	0	4
2670	4	0	4
2671	4	0	4
2672	4	0	4
2673	4	0	4
2674	4	0	4
2675	4	0	4
2676	4	0	4
2677	4	0	4
2678	4	0	4
2679	4	0	4
2680	4	0	4
2681	4	0	4
2682	4	0	4
2683	4	0	4
2684	4	0	4
2685	4	0	4
2686	4	0	4
2687	4	0	4
2688	4	0	4
2689	4	0	4
2690	4	0	4
2691	4	0	4
2692	4	0	4
2693	4	0	4
2694	4	0	4
2695	4	0	4
2696	4	0	4
2697	4	0	4
2698	4	0	4
2699	4	0	4
2700	4	0	4
2701	4	0	4
2702	4	0	4
2703	4	0	4
2704	4	0	4
2705	4	0	4
2706	4	0	4
2707	4	0	4
2708	4	0	4
2709	4	0	4
2710	4	0	4
2711	4	0	4
2712	4	0	4
2713	4	0	4
2714	4	0	4
2715	4	0	4
2716	4	0	4
2717	4	0	4
2718	4	0	4
2719	4	0	4
2720	4	0	4
2721	4	0	4
2722	4	0	4
2723	4	0	4
2724	4	0	4
2725	4	0	4
2726	4	0	4
2727	4	0	4
2728	4	0	4
2729	4	0	4
2730	4	0	4
2731	4	0	4
2732	4	0	4
2733	4	0	4
2734	4	0	4
2735	4	0	4
2736	4	0	4
2737	4	0	4
2738	4	0	4
2739	4	0	4
2740	4	0	4
2741	4	0	4
2742	4	0	4
2743	4	0	4
2744	4	0	4
2745	4	0	4
2746	4	0	4
2747	4	0	4
2748	4	0	4
2749	4	0	4
2750	4	0	4
2751	4	0	4
2752	4	0	4
2753	4	0	4
2754	4	0	4
2755	4	0	4
2756	4	0	4
2757	4	0	4
2758	4	0	4
2759	4	0	4
2760	4	0	4
2761	4	0	4
2762	4	0	4
2763	4	0	4
2764	4	0	4
2765	4	0	4
2766	4	0	4
2767	4	0	4
2768	4	0	4
2769	4	0	4
2770	4	0	4
2771	4	0	4
2772	4	0	4
2773	4	0	4
2774	4	0	4
2775	4	0	4
2776	4	0	4
2777	4	0	4
2778	4	0	4
2779	4	0	4
2780	4	0	4
2781	4	0	4
2782	4	0	4
2783	4	0	4
2784	4	0	4
2785	4	0	4
2786	4	0	4
2787	4	0	4
2788	4	0	4
2789	4	0	4
2790	4	0	4
2791	4	0	4
2792	4	0	4
2793	4	0	4
2794	4	0	4
2795	4	0	4
2796	4	0	4
2797	4	0	4
2798	4	0	4
2799	4	0	4
2800	4	0	4
2801	4	0	4
2802	4	0	4
2803	4	0	4
2804	4	0	4
2805	4	0	4
2806	4	0	4
2807	4	0	4
2808	4	0	4
2809	4	0	4
2810	4	0	4
2811	4	0	4
2812	4	0	4
2813	4	0	4
2814	4	0	4
2815	4	0	4
2816	4	0	4
2817	4	0	4
2818	4	0	4
2819	4	0	4
2820	4	0	4
2821	4	0	4
2822	4	0	4
2823	4	0	4
2824	4	0	4
2825	4	0	4
2826	4	0	4
2827	4	0	4
2828	4	0	4
2829	4	0	4
2830	4	0	4
2831	4	0	4
2832	4	0	4
2833	4	0	4
2834	4	0	4
2835	4	0	4
2836	4	0	4
2837	4	0	4
2838	4	0	4
2839	4	0	4
2840	4	0	4
2841	4	0	4
2842	4	0	4
2843	4	0	4
2844	4	0	4
2845	4	0	4
2846	4	0	4
2847	4	0	4
2848	4	0	4
2849	4	0	4
2850	4	0	4
2851	4	0	4
2852	4	0	4
2853	4	0	4
2854	4	0	4
2855	4	0	4
2856	4	0	4
2857	4	0	4
2858	4	0	4
2859	4	0	4
2860	4	0	4
2861	4	0	4
2862	4	0	4
2863	4	0	4
2864	4	0	4
2865	4	0	4
2866	4	0	4
2867	4	0	4
2868	4	0	4
2869	4	0	4
2870	4	0	4
2871	4	0	4
2872	4	0	4
2873	4	0	4
2874	4	0	4
2875	4	0	4
2876	4	0	4
2877	4	0	4
2878	4	0	4
2879	4	0	4
2880	4	0	4
2881	4	0	4
2882	4	0	4
2883	4	0	4
2884	4	0	4
2885	4	0	4
2886	4	0	4
2887	4	0	4
2888	4	0	4
2889	4	0	4
2890	4	0	4
2891	4	0	4
2892	4	0	4
2893	4	0	4
2894	4	0	4
2895	4	0	4
2896	4	0	4
2897	4	0	4
2898	4	0	4
2899	4	0	4
2900	4	0	4
2901	4	0	4
2902	4	0	4
2903	4	0	4
2904	4	0	4
2905	4	0	4
2906	4	0	4
2907	4	0	4
2908	4	0	4
2909	4	0	4
2910	4	0	4
2911	4	0	4
2912	4	0	4
2913	4	0	4
2914	4	0	4
2915	4	0	4
2916	4	0	4
2917	4	0	4
2918	4	0	4
2919	4	0	4
2920	4	0	4
2921	4	0	4
2922	4	0	4
2923	4	0	4
2924	4	0	4
2925	4	0	4
2926	4	0	4
2927	4	0	4
2928	4	0	4
2929	4	0	4
2930	4	0	4
2931	4	0	4
2932	4	0	4
2933	4	0	4
2934	4	0	4
2935	4	0	4
2936	4	0	4
2937	4	0	4
2938	4	0	4
2939	4	0	4
2940	4	0	4
2941	4	0	4
2942	4	0	4
2943	4	0	4
2944	4	0	4
2945	4	0	4
2946	4	0	4
2947	4	0	4
2948	4	0	4
2949	4	0	4
2950	4	0	4
2951	4	0	4
2952	4	0	4
2953	4	0	4
2954	4	0	4
2955	4	0	4
2956	4	0	4
2957	4	0	4
2958	4	0	4
2959	4	0	4
2960	4	0	4
2961	4	0	4
2962	4	0	4
2963	4	0	4
2964	4	0	4
2965	4	0	4
2966	4	0	4
2967	4	0	4
2968	4	0	4
2969	4	0	4
2970	4	0	4
2971	4	0	4
2972	4	0	4
2973	4	0	4
2974	4	0	4
2975	4	0	4
2976	4	0	4
2977	4	0	4
2978	4	0	4
2979	4	0	4
2980	4	0	4
2981	4	0	4
2982	4	0	4
2983	4	0	4
2984	4	0	4
2985	4	0	4
2986	4	0	4
2987	4	0	4
2988	4	0	4
2989	4	0	4
2990	4	0	4
2991	4	0	4
2992	4	0	4
2993	4	0	4
2994	4	0	4
2995	4	0	4
2996	4	0	4
2997	4	0	4
2998	4	0	4
2999	4	0	4
3000	4	0	4
3001	4	0	4
3002	4	0	4
3003	4	0	4
3004	4	0	4
3005	4	0	4
3006	4	0	4
3007	4	0	4
3008	4	0	4
3009	4	0	4
3010	4	0	4
3011	4	0	4
3012	4	0	4
3013	4	0	4
3014	4	0	4
3015	4	0	4
3016	4	0	4
3017	4	0	4
3018	4	0	4
3019	4	0	4
3020	4	0	4
3021	4	0	4
3022	4	0	4
3023	4	0	4
3024	4	0	4
3025	4	0	4
3026	4	0	4
3027	4	0	4
3028	4	0	4
3029	4	0	4
3030	4	0	4
3031	4	0	4
3032	4	0	4
3033	4	0	4
3034	4	0	4
3035	4	0	4
3036	4	0	4
3037	4	0	4
3038	4	0	4
3039	4	0	4
3040	4	0	4
3041	4	0	4
3042	4	0	4
3043	4	0	4
3044	4	0	4
3045	4	0	4
3046	4	0	4
3047	4	0	4
3048	4	0	4
3049	4	0	4
3050	4	0	4
3051	4	0	4
3052	4	0	4
3053	4	0	4
3054	4	0	4
3055	4	0	4
3056	4	0	4
3057	4	0	4
3058	4	0	4
3059	4	0	4
3060	4	0	4
3061	4	0	4
3062	4	0	4
3063	4	0	4
3064	4	0	4
3065	4	0	4
3066	4	0	4
3067	4	0	4
3068	4	0	4
3069	4	0	4
3070	4	0	4
3071	4	0	4
3072	4	0	4
3073	4	0	4
3074	4	0	4
3075	4	0	4
3076	4	0	4
3077	4	0	4
3078	4	0	4
3079	4	0	4
3080	4	0	4
3081	4	0	4
3082	4	0	4
3083	4	0	4
3084	4	0	4
3085	4	0	4
3086	4	0	4
3087	4	0	4
3088	4	0	4
3089	4	0	4
3090	4	0	4
3091	4	0	4
3092	4	0	4
3093	4	0	4
3094	4	0	4
3095	4	0	4
3096	4	0	4
3097	4	0	4
3098	4	0	4
3099	4	0	4
3100	4	0	4
3101	4	0	4
3102	4	0	4
3103	4	0	4
3104	4	0	4
3105	4	0	4
3106	4	0	4
3107	4	0	4
3108	4	0	4
3109	4	0	4
3110	4	0	4
3111	4	0	4
3112	4	0	4
3113	4	0	4
3114	4	0	4
3115	4	0	4
3116	4	0	4
3117	4	0	4
3118	4	0	4
3119	4	0	4
3120	4	0	4
3121	4	0	4
3122	4	0	4
3123	4	0	4
3124	4	0	4
3125	4	0	4
3126	4	0	4
3127	4	0	4
3128	4	0	4
3129	4	0	4
3130	4	0	4
3131	4	0	4
3132	4	0	4
3133	4	0	4
3134	4	0	4
3135	4	0	4
3136	4	0	4
3137	4	0	4
3138	4	0	4
3139	4	0	4
3140	4	0	4
3141	4	0	4
3142	4	0	4
3143	4	0	4
3144	4	0	4
3145	4	0	4
3146	4	0	4
3147	4	0	4
3148	4	0	4
3149	4	0	4
3150	4	0	4
3151	4	0	4
3152	4	0	4
3153	4	0	4
3154	4	0	4
3155	4	0	4
3156	4	0	4
3157	4	0	4
3158	4	0	4
3159	4	0	4
3160	4	0	4
3161	4	0	4
3162	4	0	4
3163	4	0	4
3164	4	0	4
3165	4	0	4
3166	4	0	4
3167	4	0	4
3168	4	0	4
3169	4	0	4
3170	4	0	4
3171	4	0	4
3172	4	0	4
3173	4	0	4
3174	4	0	4
3175	4	0	4
3176	4	0	4
3177	4	0	4
3178	4	0	4
3179	4	0	4
3180	4	0	4
3181	4	0	4
3182	4	0	4
3183	4	0	4
3184	4	0	4
3185	4	0	4
3186	4	0	4
3187	4	0	4
3188	4	0	4
3189	4	0	4
3190	4	0	4
3191	4	0	4
3192	4	0	4
3193	4	0	4
3194	4	0	4
3195	4	0	4
3196	4	0	4
3197	4	0	4
3198	4	0	4
3199	4	0	4
3200	4	0	4
3201	4	0	4
3202	4	0	4
3203	4	0	4
3204	4	0	4
3205	4	0	4
3206	4	0	4
3207	4	0	4
3208	4	0	4
3209	4	0	4
3210	4	0	4
3211	4	0	4
3212	4	0	4
3213	4	0	4
3214	4	0	4
3215	4	0	4
3216	4	0	4
3217	4	0	4
3218	4	0	4
3219	4	0	4
3220	4	0	4
3221	4	0	4
3222	4	0	4
3223	4	0	4
3224	4	0	4
3225	4	0	4
3226	4	0	4
3227	4	0	4
3228	4	0	4
3229	4	0	4
3230	4	0	4
3231	4	0	4
3232	4	0	4
3233	4	0	4
3234	4	0	4
3235	4	0	4
3236	4	0	4
3237	4	0	4
3238	4	0	4
3239	4	0	4
3240	4	0	4
3241	4	0	4
3242	4	0	4
3243	4	0	4
3244	4	0	4
3245	4	0	4
3246	4	0	4
3247	4	0	4
3248	4	0	4
3249	4	0	4
3250	4	0	4
3251	4	0	4
3252	4	0	4
3253	4	0	4
3254	4	0	4
3255	4	0	4
3256	4	0	4
3257	4	0	4
3258	4	0	4
3259	4	0	4
3260	4	0	4
3261	4	0	4
3262	4	0	4
3263	4	0	4
3264	4	0	4
3265	4	0	4
3266	4	0	4
3267	4	0	4
3268	4	0	4
3269	4	0	4
3270	4	0	4
3271	4	0	4
3272	4	0	4
3273	4	0	4
3274	4	0	4
3275	4	0	4
3276	4	0	4
3277	4	0	4
3278	4	0	4
3279	4	0	4
3280	4	0	4
3281	4	0	4
3282	4	0	4
3283	4	0	4
3284	4	0	4
3285	4	0	4
3286	4	0	4
3287	4	0	4
3288	4	0	4
3289	4	0	4
3290	4	0	4
3291	4	0	4
3292	4	0	4
3293	4	0	4
3294	4	0	4
3295	4	0	4
3296	4	0	4
3297	4	0	4
3298	4	0	4
3299	4	0	4
3300	4	0	4
3301	4	0	4
3302	4	0	4
3303	4	0	4
3304	4	0	4
3305	4	0	4
3306	4	0	4
3307	4	0	4
3308	4	0	4
3309	4	0	4
3310	4	0	4
3311	4	0	4
3312	4	0	4
3313	4	0	4
3314	4	0	4
3315	4	0	4
3316	4	0	4
3317	4	0	4
3318	4	0	4
3319	4	0	4
3320	4	0	4
3321	4	0	4
3322	4	0	4
3323	4	0	4
3324	4	0	4
3325	4	0	4
3326	4	0	4
3327	4	0	4
3328	4	0	4
3329	4	0	4
3330	4	0	4
3331	4	0	4
3332	4	0	4
3333	4	0	4
3334	4	0	4
3335	4	0	4
3336	4	0	4
3337	4	0	4
3338	4	0	4
3339	4	0	4
3340	4	0	4
3341	4	0	4
3342	4	0	4
3343	4	0	4
3344	4	0	4
3345	4	0	4
3346	4	0	4
3347	4	0	4
3348	4	0	4
3349	4	0	4
3350	4	0	4
3351	4	0	4
3352	4	0	4
3353	4	0	4
3354	4	0	4
3355	4	0	4
3356	4	0	4
3357	4	0	4
3358	4	0	4
3359	4	0	4
3360	4	0	4
3361	4	0	4
3362	4	0	4
3363	4	0	4
3364	4	0	4
3365	4	0	4
3366	4	0	4
3367	4	0	4
3368	4	0	4
3369	4	0	4
3370	4	0	4
3371	4	0	4
3372	4	0	4
3373	4	0	4
3374	4	0	4
3375	4	0	4
3376	4	0	4
3377	4	0	4
3378	4	0	4
3379	4	0	4
3380	4	0	4
3381	4	0	4
3382	4	0	4
3383	4	0	4
3384	4	0	4
3385	4	0	4
3386	4	0	4
3387	4	0	4
3388	4	0	4
3389	4	0	4
3390	4	0	4
3391	4	0	4
3392	4	0	4
3393	4	0	4
3394	4	0	4
3395	4	0	4
3396	4	0	4
3397	4	0	4
3398	4	0	4
3399	4	0	4
3400	4	0	4
3401	4	0	4
3402	4	0	4
3403	4	0	4
3404	4	0	4
3405	4	0	4
3406	4	0	4
3407	4	0	4
3408	4	0	4
3409	4	0	4
3410	4	0	4
3411	4	0	4
3412	4	0	4
3413	4	0	4
3414	4	0	4
3415	4	0	4
3416	4	0	4
3417	4	0	4
3418	4	0	4
3419	4	0	4
3420	4	0	4
3421	4	0	4
3422	4	0	4
3423	4	0	4
3424	4	0	4
3425	4	0	4
3426	4	0	4
3427	4	0	4
3428	4	0	4
3429	4	0	4
3430	4	0	4
3431	4	0	4
3432	4	0	4
3433	4	0	4
3434	4	0	4
3435	4	0	4
3436	4	0	4
3437	4	0	4
3438	4	0	4
3439	4	0	4
3440	4	0	4
3441	4	0	4
3442	4	0	4
3443	4	0	4
3444	4	0	4
3445	4	0	4
3446	4	0	4
3447	4	0	4
3448	4	0	4
3449	4	0	4
3450	4	0	4
3451	4	0	4
3452	4	0	4
3453	4	0	4
3454	4	0	4
3455	4	0	4
3456	4	0	4
3457	4	0	4
3458	4	0	4
3459	4	0	4
3460	4	0	4
3461	4	0	4
3462	4	0	4
3463	4	0	4
3464	4	0	4
3465	4	0	4
3466	4	0	4
3467	4	0	4
3468	4	0	4
3469	4	0	4
3470	4	0	4
3471	4	0	4
3472	4	0	4
3473	4	0	4
3474	4	0	4
3475	4	0	4
3476	4	0	4
3477	4	0	4
3478	4	0	4
3479	4	0	4
3480	4	0	4
3481	4	0	4
3482	4	0	4
3483	4	0	4
3484	4	0	4
3485	4	0	4
3486	4	0	4
3487	4	0	4
3488	4	0	4
3489	4	0	4
3490	4	0	4
3491	4	0	4
3492	4	0	4
3493	4	0	4
3494	4	0	4
3495	4	0	4
3496	4	0	4
3497	4	0	4
3498	4	0	4
3499	4	0	4
3500	4	0	4
3501	4	0	4
3502	4	0	4
3503	4	0	4
3504	4	0	4
3505	4	0	4
3506	4	0	4
3507	4	0	4
3508	4	0	4
3509	4	0	4
3510	4	0	4
3511	4	0	4
3512	4	0	4
3513	4	0	4
3514	4	0	4
3515	4	0	4
3516	4	0	4
3517	4	0	4
3518	4	0	4
3519	4	0	4
3520	4	0	4
3521	4	0	4
3522	4	0	4
3523	4	0	4
3524	4	0	4
3525	4	0	4
3526	4	0	4
3527	4	0	4
3528	4	0	4
3529	4	0	4
3530	4	0	4
3531	4	0	4
3532	4	0	4
3533	4	0	4
3534	4	0	4
3535	4	0	4
3536	4	0	4
3537	4	0	4
3538	4	0	4
3539	4	0	4
3540	4	0	4
3541	4	0	4
3542	4	0	4
3543	4	0	4
3544	4	0	4
3545	4	0	4
3546	4	0	4
3547	4	0	4
3548	4	0	4
3549	4	0	4
3550	4	0	4
3551	4	0	4
3552	4	0	4
3553	4	0	4
3554	4	0	4
3555	4	0	4
3556	4	0	4
3557	4	0	4
3558	4	0	4
3559	4	0	4
3560	4	0	4
3561	4	0	4
3562	4	0	4
3563	4	0	4
3564	4	0	4
3565	4	0	4
3566	4	0	4
3567	4	0	4
3568	4	0	4
3569	4	0	4
3570	4	0	4
3571	4	0	4
3572	4	0	4
3573	4	0	4
3574	4	0	4
3575	4	0	4
3576	4	0	4
3577	4	0	4
3578	4	0	4
3579	4	0	4
3580	4	0	4
3581	4	0	4
3582	4	0	4
3583	4	0	4
3584	4	0	4
3585	4	0	4
3586	4	0	4
3587	4	0	4
3588	4	0	4
3589	4	0	4
3590	4	0	4
3591	4	0	4
3592	4	0	4
3593	4	0	4
3594	4	0	4
3595	4	0	4
3596	4	0	4
3597	4	0	4
3598	4	0	4
3599	4	0	4
3600	4	0	4
3601	4	0	4
3602	4	0	4
3603	4	0	4
3604	4	0	4
3605	4	0	4
3606	4	0	4
3607	4	0	4
3608	4	0	4
3609	4	0	4
3610	4	0	4
3611	4	0	4
3612	4	0	4
3613	4	0	4
3614	4	0	4
3615	4	0	4
3616	4	0	4
3617	4	0	4
3618	4	0	4
3619	4	0	4
3620	4	0	4
3621	4	0	4
3622	4	0	4
3623	4	0	4
3624	4	0	4
3625	4	0	4
3626	4	0	4
3627	4	0	4
3628	4	0	4
3629	4	0	4
3630	4	0	4
3631	4	0	4
3632	4	0	4
3633	4	0	4
3634	4	0	4
3635	4	0	4
3636	4	0	4
3637	4	0	4
3638	4	0	4
3639	4	0	4
3640	4	0	4
3641	4	0	4
3642	4	0	4
3643	4	0	4
3644	4	0	4
3645	4	0	4
3646	4	0	4
3647	4	0	4
3648	4	0	4
3649	4	0	4
3650	4	0	4
3651	4	0	4
3652	4	0	4
3653	4	0	4
3654	4	0	4
3655	4	0	4
3656	4	0	4
3657	4	0	4
3658	4	0	4
3659	4	0	4
3660	4	0	4
3661	4	0	4
3662	4	0	4
3663	4	0	4
3664	4	0	4
3665	4	0	4
3666	4	0	4
3667	4	0	4
3668	4	0	4
3669	4	0	4
3670	4	0	4
3671	4	0	4
3672	4	0	4
3673	4	0	4
3674	4	0	4
3675	4	0	4
3676	4	0	4
3677	4	0	4
3678	4	0	4
3679	4	0	4
3680	4	0	4
3681	4	0	4
3682	4	0	4
3683	4	0	4
3684	4	0	4
3685	4	0	4
3686	4	0	4
3687	4	0	4
3688	4	0	4
3689	4	0	4
3690	4	0	4
3691	4	0	4
3692	4	0	4
3693	4	0	4
3694	4	0	4
3695	4	0	4
3696	4	0	4
3697	4	0	4
3698	4	0	4
3699	4	0	4
3700	4	0	4
3701	4	0	4
3702	4	0	4
3703	4	0	4
3704	4	0	4
3705	4	0	4
3706	4	0	4
3707	4	0	4
3708	4	0	4
3709	4	0	4
3710	4	0	4
3711	4	0	4
3712	4	0	4
3713	4	0	4
3714	4	0	4
3715	4	0	4
3716	4	0	4
3717	4	0	4
3718	4	0	4
3719	4	0	4
3720	4	0	4
3721	4	0	4
3722	4	0	4
3723	4	0	4
3724	4	0	4
3725	4	0	4
3726	4	0	4
3727	4	0	4
3728	4	0	4
3729	4	0	4
3730	4	0	4
3731	4	0	4
3732	4	0	4
3733	4	0	4
3734	4	0	4
3735	4	0	4
3736	4	0	4
3737	4	0	4
3738	4	0	4
3739	4	0	4
3740	4	0	4
3741	4	0	4
3742	4	0	4
3743	4	0	4
3744	4	0	4
3745	4	0	4
3746	4	0	4
3747	4	0	4
3748	4	0	4
3749	4	0	4
3750	4	0	4
3751	4	0	4
3752	4	0	4
3753	4	0	4
3754	4	0	4
3755	4	0	4
3756	4	0	4
3757	4	0	4
3758	4	0	4
3759	4	0	4
3760	4	0	4
3761	4	0	4
3762	4	0	4
3763	4	0	4
3764	4	0	4
3765	4	0	4
3766	4	0	4
3767	4	0	4
3768	4	0	4
3769	4	0	4
3770	4	0	4
3771	4	0	4
3772	4	0	4
3773	4	0	4
3774	4	0	4
3775	4	0	4
3776	4	0	4
3777	4	0	4
3778	4	0	4
3779	4	0	4
3780	4	0	4
3781	4	0	4
3782	4	0	4
3783	4	0	4
3784	4	0	4
3785	4	0	4
3786	4	0	4
3787	4	0	4
3788	4	0	4
3789	4	0	4
3790	4	0	4
3791	4	0	4
3792	4	0	4
3793	4	0	4
3794	4	0	4
3795	4	0	4
3796	4	0	4
3797	4	0	4
3798	4	0	4
3799	4	0	4
3800	4	0	4
3801	4	0	4
3802	4	0	4
3803	4	0	4
3804	4	0	4
3805	4	0	4
3806	4	0	4
3807	4	0	4
3808	4	0	4
3809	4	0	4
3810	4	0	4
3811	4	0	4
3812	4	0	4
3813	4	0	4
3814	4	0	4
3815	4	0	4
3816	4	0	4
3817	4	0	4
3818	4	0	4
3819	4	0	4
3820	4	0	4
3821	4	0	4
3822	4	0	4
3823	4	0	4
3824	4	0	4
3825	4	0	4
3826	4	0	4
3827	4	0	4
3828	4	0	4
3829	4	0	4
3830	4	0	4
3831	4	0	4
3832	4	0	4
3833	4	0	4
3834	4	0	4
3835	4	0	4
3836	4	0	4
3837	4	0	4
3838	4	0	4
3839	4	0	4
3840	4	0	4
3841	4	0	4
3842	4	0	4
3843	4	0	4
3844	4	0	4
3845	4	0	4
3846	4	0	4
3847	4	0	4
3848	4	0	4
3849	4	0	4
3850	4	0	4
3851	4	0	4
3852	4	0	4
3853	4	0	4
3854	4	0	4
3855	4	0	4
3856	4	0	4
3857	4	0	4
3858	4	0	4
3859	4	0	4
3860	4	0	4
3861	4	0	4
3862	4	0	4
3863	4	0	4
3864	4	0	4
3865	4	0	4
3866	4	0	4
3867	4	0	4
3868	4	0	4
3869	4	0	4
3870	4	0	4
3871	4	0	4
3872	4	0	4
3873	4	0	4
3874	4	0	4
3875	4	0	4
3876	4	0	4
3877	4	0	4
3878	4	0	4
3879	4	0	4
3880	4	0	4
3881	4	0	4
3882	4	0	4
3883	4	0	4
3884	4	0	4
3885	4	0	4
3886	4	0	4
3887	4	0	4
3888	4	0	4
3889	4	0	4
3890	4	0	4
3891	4	0	4
3892	4	0	4
3893	4	0	4
3894	4	0	4
3895	4	0	4
3896	4	0	4
3897	4	0	4
3898	4	0	4
3899	4	0	4
3900	4	0	4
3901	4	0	4
3902	4	0	4
3903	4	0	4
3904	4	0	4
3905	4	0	4
3906	4	0	4
3907	4	0	4
3908	4	0	4
3909	4	0	4
3910	4	0	4
3911	4	0	4
3912	4	0	4
3913	4	0	4
3914	4	0	4
3915	4	0	4
3916	4	0	4
3917	4	0	4
3918	4	0	4
3919	4	0	4
3920	4	0	4
3921	4	0	4
3922	4	0	4
3923	4	0	4
3924	4	0	4
3925	4	0	4
3926	4	0	4
3927	4	0	4
3928	4	0	4
3929	4	0	4
3930	4	0	4
3931	4	0	4
3932	4	0	4
3933	4	0	4
3934	4	0	4
3935	4	0	4
3936	4	0	4
3937	4	0	4
3938	4	0	4
3939	4	0	4
3940	4	0	4
3941	4	0	4
3942	4	0	4
3943	4	0	4
3944	4	0	4
3945	4	0	4
3946	4	0	4
3947	4	0	4
3948	4	0	4
3949	4	0	4
3950	4	0	4
3951	4	0	4
3952	4	0	4
3953	4	0	4
3954	4	0	4
3955	4	0	4
3956	4	0	4
3957	4	0	4
3958	4	0	4
3959	4	0	4
3960	4	0	4
3961	4	0	4
3962	4	0	4
3963	4	0	4
3964	4	0	4
3965	4	0	4
3966	4	0	4
3967	4	0	4
3968	4	0	4
3969	4	0	4
3970	4	0	4
3971	4	0	4
3972	4	0	4
3973	4	0	4
3974	4	0	4
3975	4	0	4
3976	4	0	4
3977	4	0	4
3978	4	0	4
3979	4	0	4
3980	4	0	4
3981	4	0	4
3982	4	0	4
3983	4	0	4
3984	4	0	4
3985	4	0	4
3986	4	0	4
3987	4	0	4
3988	4	0	4
3989	4	0	4
3990	4	0	4
3991	4	0	4
3992	4	0	4
3993	4	0	4
3994	4	0	4
3995	4	0	4
3996	4	0	4
3997	4	0	4
3998	4	0	4
3999	4	0	4
4000	4	0	4
4001	4	0	4
4002	4	0	4
4003	4	0	4
4004	4	0	4
4005	4	0	4
4006	4	0	4
4007	4	0	4
4008	4	0	4
4009	4	0	4
4010	4	0	4
4011	4	0	4
4012	4	0	4
4013	4	0	4
4014	4	0	4
4015	4	0	4
4016	4	0	4
4017	4	0	4
4018	4	0	4
4019	4	0	4
4020	4	0	4
4021	4	0	4
4022	4	0	4
4023	4	0	4
4024	4	0	4
4025	4	0	4
4026	4	0	4
4027	4	0	4
4028	4	0	4
4029	4	0	4
4030	4	0	4
4031	4	0	4
4032	4	0	4
4033	4	0	4
4034	4	0	4
4035	4	0	4
4036	4	0	4
4037	4	0	4
4038	4	0	4
4039	4	0	4
4040	4	0	4
4041	4	0	4
4042	4	0	4
4043	4	0	4
4044	4	0	4
4045	4	0	4
4046	4	0	4
4047	4	0	4
4048	4	0	4
4049	4	0	4
4050	4	0	4
4051	4	0	4
4052	4	0	4
4053	4	0	4
4054	4	0	4
4055	4	0	4
4056	4	0	4
4057	4	0	4
4058	4	0	4
4059	4	0	4
4060	4	0	4
4061	4	0	4
4062	4	0	4
4063	4	0	4
4064	4	0	4
4065	4	0	4
4066	4	0	4
4067	4	0	4
4068	4	0	4
4069	4	0	4
4070	4	0	4
4071	4	0	4
4072	4	0	4
4073	4	0	4
4074	4	0	4
4075	4	0	4
4076	4	0	4
4077	4	0	4
4078	4	0	4
4079	4	0	4
4080	4	0	4
4081	4	0	4
4082	4	0	4
4083	4	0	4
4084	4	0	4
4085	4	0	4
4086	4	0	4
4087	4	0	4
4088	4	0	4
4089	4	0	4
4090	4	0	4
4091	4	0	4
4092	4	0	4
4093	4	0	4
4094	4	0	4
4095	4	0	4
4096	4	0	4
4097	4	0	4
4098	4	0	4
4099	4	0	4
4100	4	0	4
4101	4	0	4
4102	4	0	4
4103	4	0	4
4104	4	0	4
4105	4	0	4
4106	4	0	4
4107	4	0	4
4108	4	0	4
4109	4	0	4
4110	4	0	4
4111	4	0	4
4112	4	0	4
4113	4	0	4
4114	4	0	4
4115	4	0	4
4116	4	0	4
4117	4	0	4
4118	4	0	4
4119	4	0	4
4120	4	0	4
4121	4	0	4
4122	4	0	4
4123	4	0	4
4124	4	0	4
4125	4	0	4
4126	4	0	4
4127	4	0	4
4128	4	0	4
4129	4	0	4
4130	4	0	4
4131	4	0	4
4132	4	0	4
4133	4	0	4
4134	4	0	4
4135	4	0	4
4136	4	0	4
4137	4	0	4
4138	4	0	4
4139	4	0	4
4140	4	0	4
4141	4	0	4
4142	4	0	4
4143	4	0	4
4144	4	0	4
4145	4	0	4
4146	4	0	4
4147	4	0	4
4148	4	0	4
4149	4	0	4
4150	4	0	4
4151	4	0	4
4152	4	0	4
4153	4	0	4
4154	4	0	4
4155	4	0	4
4156	4	0	4
4157	4	0	4
4158	4	0	4
4159	4	0	4
4160	4	0	4
4161	4	0	4
4162	4	0	4
4163	4	0	4
4164	4	0	4
4165	4	0	4
4166	4	0	4
4167	4	0	4
4168	4	0	4
4169	4	0	4
4170	4	0	4
4171	4	0	4
4172	4	0	4
4173	4	0	4
4174	4	0	4
4175	4	0	4
4176	4	0	4
4177	4	0	4
4178	4	0	4
4179	4	0	4
4180	4	0	4
4181	4	0	4
4182	4	0	4
4183	4	0	4
4184	4	0	4
4185	4	0	4
4186	4	0	4
4187	4	0	4
4188	4	0	4
4189	4	0	4
4190	4	0	4
4191	4	0	4
4192	4	0	4
4193	4	0	4
4194	4	0	4
4195	4	0	4
4196	4	0	4
4197	4	0	4
4198	4	0	4
4199	4	0	4
4200	4	0	4
4201	4	0	4
4202	4	0	4
4203	4	0	4
4204	4	0	4
4205	4	0	4
4206	4	0	4
4207	4	0	4
4208	4	0	4
4209	4	0	4
4210	4	0	4
4211	4	0	4
4212	4	0	4
4213	4	0	4
4214	4	0	4
4215	4	0	4
4216	4	0	4
4217	4	0	4
4218	4	0	4
4219	4	0	4
4220	4	0	4
4221	4	0	4
4222	4	0	4
4223	4	0	4
4224	4	0	4
4225	4	0	4
4226	4	0	4
4227	4	0	4
4228	4	0	4
4229	4	0	4
4230	4	0	4
4231	4	0	4
4232	4	0	4
4233	4	0	4
4234	4	0	4
4235	4	0	4
4236	4	0	4
4237	4	0	4
4238	4	0	4
4239	4	0	4
4240	4	0	4
4241	4	0	4
4242	4	0	4
4243	4	0	4
4244	4	0	4
4245	4	0	4
4246	4	0	4
4247	4	0	4
4248	4	0	4
4249	4	0	4
4250	4	0	4
4251	4	0	4
4252	4	0	4
4253	4	0	4
4254	4	0	4
4255	4	0	4
4256	4	0	4
4257	4	0	4
4258	4	0	4
4259	4	0	4
4260	4	0	4
4261	4	0	4
4262	4	0	4
4263	4	0	4
4264	4	0	4
4265	4	0	4
4266	4	0	4
4267	4	0	4
4268	4	0	4
4269	4	0	4
4270	4	0	4
4271	4	0	4
4272	4	0	4
4273	4	0	4
4274	4	0	4
4275	4	0	4
4276	4	0	4
4277	4	0	4
4278	4	0	4
4279	4	0	4
4280	4	0	4
4281	4	0	4
4282	4	0	4
4283	4	0	4
4284	4	0	4
4285	4	0	4
4286	4	0	4
4287	4	0	4
4288	4	0	4
4289	4	0	4
4290	4	0	4
4291	4	0	4
4292	4	0	4
4293	4	0	4
4294	4	0	4
4295	4	0	4
4296	4	0	4
4297	4	0	4
4298	4	0	4
4299	4	0	4
4300	4	0	4
4301	4	0	4
4302	4	0	4
4303	4	0	4
4304	4	0	4
4305	4	0	4
4306	4	0	4
4307	4	0	4
4308	4	0	4
4309	4	0	4
4310	4	0	4
4311	4	0	4
4312	4	0	4
4313	4	0	4
4314	4	0	4
4315	4	0	4
4316	4	0	4
4317	4	0	4
4318	4	0	4
4319	4	0	4
4320	4	0	4
4321	4	0	4
4322	4	0	4
4323	4	0	4
4324	4	0	4
4325	4	0	4
4326	4	0	4
4327	4	0	4
4328	4	0	4
4329	4	0	4
4330	4	0	4
4331	4	0	4
4332	4	0	4
4333	4	0	4
4334	4	0	4
4335	4	0	4
4336	4	0	4
4337	4	0	4
4338	4	0	4
4339	4	0	4
4340	4	0	4
4341	4	0	4
4342	4	0	4
4343	4	0	4
4344	4	0	4
4345	4	0	4
4346	4	0	4
4347	4	0	4
4348	4	0	4
4349	4	0	4
4350	4	0	4
4351	4	0	4
4352	4	0	4
4353	4	0	4
4354	4	0	4
4355	5	0	5
4356	5	0	5
4357	5	0	5
4358	5	0	5
4359	5	0	5
4360	5	0	5
4361	5	0	5
4362	5	0	5
4363	5	0	5
4364	5	0	5
4365	5	0	5
4366	5	0	5
4367	5	0	5
4368	5	0	5
4369	5	0	5
4370	5	0	5
4371	5	0	5
4372	5	0	5
4373	5	0	5
4374	5	0	5
4375	5	0	5
4376	5	0	5
4377	5	0	5
4378	5	0	5
4379	5	0	5
4380	5	0	5
4381	5	0	5
4382	5	0	5
4383	5	0	5
4384	5	0	5
4385	5	0	5
4386	5	0	5
4387	5	0	5
4388	5	0	5
4389	5	0	5
4390	5	0	5
4391	5	0	5
4392	5	0	5
4393	5	0	5
4394	5	0	5
4395	5	0	5
4396	5	0	5
4397	5	0	5
4398	5	0	5
4399	5	0	5
4400	5	0	5
4401	5	0	5
4402	5	0	5
4403	5	0	5
4404	5	0	5
4405	5	0	5
4406	5	0	5
4407	5	0	5
4408	5	0	5
4409	5	0	5
4410	5	0	5
4411	5	0	5
4412	5	0	5
4413	5	0	5
4414	5	0	5
4415	5	0	5
4416	5	0	5
4417	5	0	5
4418	5	0	5
4419	5	0	5
4420	5	0	5
4421	5	0	5
4422	5	0	5
4423	5	0	5
4424	5	0	5
4425	5	0	5
4426	5	0	5
4427	5	0	5
4428	5	0	5
4429	5	0	5
4430	5	0	5
4431	5	0	5
4432	5	0	5
4433	5	0	5
4434	5	0	5
4435	5	0	5
4436	5	0	5
4437	5	0	5
4438	5	0	5
4439	5	0	5
4440	5	0	5
4441	5	0	5
4442	5	0	5
4443	5	0	5
4444	5	0	5
4445	5	0	5
4446	5	0	5
4447	5	0	5
4448	5	0	5
4449	5	0	5
4450	5	0	5
4451	5	0	5
4452	5	0	5
4453	5	0	5
4454	5	0	5
4455	5	0	5
4456	5	0	5
4457	5	0	5
4458	5	0	5
4459	5	0	5
4460	5	0	5
4461	5	0	5
4462	5	0	5
4463	5	0	5
4464	5	0	5
4465	5	0	5
4466	5	0	5
4467	5	0	5
4468	5	0	5
4469	5	0	5
4470	5	0	5
4471	5	0	5
4472	5	0	5
4473	5	0	5
4474	5	0	5
4475	5	0	5
4476	5	0	5
4477	5	0	5
4478	5	0	5
4479	5	0	5
4480	5	0	5
4481	5	0	5
4482	5	0	5
4483	5	0	5
4484	5	0	5
4485	5	0	5
4486	5	0	5
4487	5	0	5
4488	5	0	5
4489	5	0	5
4490	5	0	5
4491	5	0	5
4492	5	0	5
4493	5	0	5
4494	5	0	5
4495	5	0	5
4496	5	0	5
4497	5	0	5
4498	5	0	5
4499	5	0	5
4500	5	0	5
4501	5	0	5
4502	5	0	5
4503	5	0	5
4504	5	0	5
4505	5	0	5
4506	5	0	5
4507	5	0	5
4508	5	0	5
4509	5	0	5
4510	5	0	5
4511	5	0	5
4512	5	0	5
4513	5	0	5
4514	5	0	5
4515	5	0	5
4516	5	0	5
4517	5	0	5
4518	5	0	5
4519	5	0	5
4520	5	0	5
4521	5	0	5
4522	5	0	5
4523	5	0	5
4524	5	0	5
4525	5	0	5
4526	5	0	5
4527	5	0	5
4528	5	0	5
4529	5	0	5
4530	5	0	5
4531	5	0	5
4532	5	0	5
4533	5	0	5
4534	5	0	5
4535	5	0	5
4536	5	0	5
4537	5	0	5
4538	5	0	5
4539	5	0	5
4540	5	0	5
4541	5	0	5
4542	5	0	5
4543	5	0	5
4544	5	0	5
4545	5	0	5
4546	5	0	5
4547	5	0	5
4548	5	0	5
4549	5	0	5
4550	5	0	5
4551	5	0	5
4552	5	0	5
4553	5	0	5
4554	5	0	5
4555	5	0	5
4556	5	0	5
4557	5	0	5
4558	5	0	5
4559	5	0	5
4560	5	0	5
4561	5	0	5
4562	5	0	5
4563	5	0	5
4564	5	0	5
4565	5	0	5
4566	5	0	5
4567	5	0	5
4568	5	0	5
4569	5	0	5
4570	5	0	5
4571	5	0	5
4572	5	0	5
4573	5	0	5
4574	5	0	5
4575	5	0	5
4576	5	0	5
4577	5	0	5
4578	5	0	5
4579	5	0	5
4580	5	0	5
4581	5	0	5
4582	5	0	5
4583	5	0	5
4584	5	0	5
4585	5	0	5
4586	5	0	5
4587	5	0	5
4588	5	0	5
4589	5	0	5
4590	5	0	5
4591	5	0	5
4592	5	0	5
4593	5	0	5
4594	5	0	5
4595	5	0	5
4596	5	0	5
4597	5	0	5
4598	5	0	5
4599	5	0	5
4600	5	0	5
4601	5	0	5
4602	5	0	5
4603	5	0	5
4604	5	0	5
4605	5	0	5
4606	5	0	5
4607	5	0	5
4608	5	0	5
4609	5	0	5
4610	5	0	5
4611	5	0	5
4612	5	0	5
4613	5	0	5
4614	5	0	5
4615	5	0	5
4616	5	0	5
4617	5	0	5
4618	5	0	5
4619	5	0	5
4620	5	0	5
4621	5	0	5
4622	5	0	5
4623	5	0	5
4624	5	0	5
4625	5	0	5
4626	5	0	5
4627	5	0	5
4628	5	0	5
4629	5	0	5
4630	5	0	5
4631	5	0	5
4632	5	0	5
4633	5	0	5
4634	5	0	5
4635	5	0	5
4636	5	0	5
4637	5	0	5
4638	5	0	5
4639	5	0	5
4640	5	0	5
4641	5	0	5
4642	5	0	5
4643	5	0	5
4644	5	0	5
4645	5	0	5
4646	5	0	5
4647	5	0	5
4648	5	0	5
4649	5	0	5
4650	5	0	5
4651	5	0	5
4652	5	0	5
4653	5	0	5
4654	5	0	5
4655	5	0	5
4656	5	0	5
4657	5	0	5
4658	5	0	5
4659	5	0	5
4660	5	0	5
4661	5	0	5
4662	5	0	5
4663	5	0	5
4664	5	0	5
4665	5	0	5
4666	5	0	5
4667	5	0	5
4668	5	0	5
4669	5	0	5
4670	5	0	5
4671	5	0	5
4672	5	0	5
4673	5	0	5
4674	5	0	5
4675	5	0	5
4676	5	0	5
4677	5	0	5
4678	5	0	5
4679	5	0	5
4680	5	0	5
4681	5	0	5
4682	5	0	5
4683	5	0	5
4684	5	0	5
4685	5	0	5
4686	5	0	5
4687	5	0	5
4688	5	0	5
4689	5	0	5
4690	5	0	5
4691	5	0	5
4692	5	0	5
4693	5	0	5
4694	5	0	5
4695	5	0	5
4696	5	0	5
4697	5	0	5
4698	5	0	5
4699	5	0	5
4700	5	0	5
4701	5	0	5
4702	5	0	5
4703	5	0	5
4704	5	0	5
4705	5	0	5
4706	5	0	5
4707	5	0	5
4708	5	0	5
4709	5	0	5
4710	5	0	5
4711	5	0	5
4712	5	0	5
4713	5	0	5
4714	5	0	5
4715	5	0	5
4716	5	0	5
4717	5	0	5
4718	5	0	5
4719	5	0	5
4720	5	0	5
4721	5	0	5
4722	5	0	5
4723	5	0	5
4724	5	0	5
4725	5	0	5
4726	5	0	5
4727	5	0	5
4728	5	0	5
4729	5	0	5
4730	5	0	5
4731	5	0	5
