#Clock	Robots	Obstacles	Score
1	0	0	0
2	0	0	0
3	0	0	0
4	0	0	0
5	0	0	0
6	0	0	0
7	0	0	0
8	0	0	0
9	0	0	0
10	0	0	0
11	0	0	0
12	0	0	0
13	0	0	0
14	0	0	0
15	0	0	0
16	0	0	0
17	0	0	0
18	0	0	0
19	0	0	0
20	0	0	0
21	0	0	0
22	0	0	0
23	0	0	0
24	0	0	0
25	0	0	0
26	0	0	0
27	0	0	0
28	0	0	0
29	0	0	0
30	0	0	0
31	0	0	0
32	0	0	0
33	0	0	0
34	0	0	0
35	0	0	0
36	0	0	0
37	0	0	0
38	0	0	0
39	0	0	0
40	0	0	0
41	0	0	0
42	0	0	0
43	0	0	0
44	0	0	0
45	0	0	0
46	0	0	0
47	0	0	0
48	0	0	0
49	0	0	0
50	0	0	0
51	0	0	0
52	0	0	0
53	0	0	0
54	0	0	0
55	0	0	0
56	0	0	0
57	0	0	0
58	0	0	0
59	0	0	0
60	0	0	0
61	0	0	0
62	0	0	0
63	0	0	0
64	0	0	0
65	0	0	0
66	0	0	0
67	0	0	0
68	0	0	0
69	0	0	0
70	0	0	0
71	0	0	0
72	0	0	0
73	0	0	0
74	0	0	0
75	0	0	0
76	0	0	0
77	0	0	0
78	0	0	0
79	0	0	0
80	0	0	0
81	0	0	0
82	0	0	0
83	0	0	0
84	0	0	0
85	0	0	0
86	0	0	0
87	0	0	0
88	0	0	0
89	0	0	0
90	0	0	0
91	0	0	0
92	0	0	0
93	0	0	0
94	0	0	0
95	0	0	0
96	0	0	0
97	0	0	0
98	0	0	0
99	0	0	0
100	0	0	0
101	0	0	0
102	0	0	0
103	0	0	0
104	0	0	0
105	0	0	0
106	0	0	0
107	0	0	0
108	0	0	0
109	0	0	0
110	0	0	0
111	0	0	0
112	0	0	0
113	0	0	0
114	0	0	0
115	0	0	0
116	0	0	0
117	0	0	0
118	0	0	0
119	0	0	0
120	0	0	0
121	0	0	0
122	0	0	0
123	0	0	0
124	0	0	0
125	0	0	0
126	0	0	0
127	0	0	0
128	0	0	0
129	0	0	0
130	0	0	0
131	0	0	0
132	0	0	0
133	0	0	0
134	0	0	0
135	0	0	0
136	0	0	0
137	0	0	0
138	0	0	0
139	0	0	0
140	0	0	0
141	0	0	0
142	0	0	0
143	0	0	0
144	0	0	0
145	0	0	0
146	0	0	0
147	0	0	0
148	0	0	0
149	0	0	0
150	0	0	0
151	0	0	0
152	0	0	0
153	0	0	0
154	0	0	0
155	0	0	0
156	0	0	0
157	0	0	0
158	0	0	0
159	0	0	0
160	0	0	0
161	0	0	0
162	0	0	0
163	0	0	0
164	0	0	0
165	0	0	0
166	0	0	0
167	0	0	0
168	0	0	0
169	0	0	0
170	0	0	0
171	0	0	0
172	0	0	0
173	0	0	0
174	0	0	0
175	0	0	0
176	0	0	0
177	0	0	0
178	0	0	0
179	0	0	0
180	0	0	0
181	0	0	0
182	0	0	0
183	0	0	0
184	0	0	0
185	0	0	0
186	0	0	0
187	0	0	0
188	0	0	0
189	0	0	0
190	0	0	0
191	0	0	0
192	0	0	0
193	0	0	0
194	0	0	0
195	0	0	0
196	0	0	0
197	0	0	0
198	0	0	0
199	0	0	0
200	0	0	0
201	0	0	0
202	0	0	0
203	0	0	0
204	0	0	0
205	0	0	0
206	0	0	0
207	0	0	0
208	0	0	0
209	0	0	0
210	0	0	0
211	0	0	0
212	0	0	0
213	0	0	0
214	0	0	0
215	0	0	0
216	0	0	0
217	0	0	0
218	0	0	0
219	0	0	0
220	0	0	0
221	0	0	0
222	0	0	0
223	0	0	0
224	0	0	0
225	0	0	0
226	0	0	0
227	0	0	0
228	0	0	0
229	0	0	0
230	0	0	0
231	0	0	0
232	0	0	0
233	0	0	0
234	0	0	0
235	0	0	0
236	0	0	0
237	0	0	0
238	0	0	0
239	0	0	0
240	0	0	0
241	0	0	0
242	0	0	0
243	0	0	0
244	0	0	0
245	0	0	0
246	0	0	0
247	0	0	0
248	0	0	0
249	0	0	0
250	0	0	0
251	0	0	0
252	0	0	0
253	0	0	0
254	0	0	0
255	0	0	0
256	0	0	0
257	0	0	0
258	0	0	0
259	0	0	0
260	0	0	0
261	0	0	0
262	0	0	0
263	0	0	0
264	0	0	0
265	0	0	0
266	0	0	0
267	0	0	0
268	0	0	0
269	0	0	0
270	0	0	0
271	0	0	0
272	0	0	0
273	0	0	0
274	0	0	0
275	0	0	0
276	0	0	0
277	0	0	0
278	0	0	0
279	0	0	0
280	0	0	0
281	0	0	0
282	0	0	0
283	0	0	0
284	0	0	0
285	0	0	0
286	0	0	0
287	0	0	0
288	0	0	0
289	0	0	0
290	0	0	0
291	0	0	0
292	0	0	0
293	0	0	0
294	0	0	0
295	0	0	0
296	0	0	0
297	0	0	0
298	0	0	0
299	0	0	0
300	0	0	0
301	0	0	0
302	0	0	0
303	0	0	0
304	0	0	0
305	0	0	0
306	0	0	0
307	0	0	0
308	0	0	0
309	0	0	0
310	0	0	0
311	0	0	0
312	0	0	0
313	0	0	0
314	0	0	0
315	0	0	0
316	0	0	0
317	0	0	0
318	0	0	0
319	0	0	0
320	0	0	0
321	0	0	0
322	0	0	0
323	0	0	0
324	0	0	0
325	0	0	0
326	0	0	0
327	0	0	0
328	0	0	0
329	0	0	0
330	0	0	0
331	0	0	0
332	0	0	0
333	0	0	0
334	0	0	0
335	0	0	0
336	0	0	0
337	0	0	0
338	0	0	0
339	0	0	0
340	0	0	0
341	0	0	0
342	0	0	0
343	0	0	0
344	0	0	0
345	0	0	0
346	0	0	0
347	0	0	0
348	0	0	0
349	0	0	0
350	0	0	0
351	0	0	0
352	0	0	0
353	0	0	0
354	0	0	0
355	0	0	0
356	0	0	0
357	0	0	0
358	0	0	0
359	0	0	0
360	0	0	0
361	0	0	0
362	0	0	0
363	0	0	0
364	0	0	0
365	0	0	0
366	0	0	0
367	0	0	0
368	0	0	0
369	0	0	0
370	0	0	0
371	0	0	0
372	0	0	0
373	0	0	0
374	0	0	0
375	0	0	0
376	0	0	0
377	0	0	0
378	0	0	0
379	0	0	0
380	0	0	0
381	0	0	0
382	0	0	0
383	0	0	0
384	0	0	0
385	0	0	0
386	0	0	0
387	0	0	0
388	0	0	0
389	0	0	0
390	0	0	0
391	0	0	0
392	0	0	0
393	0	0	0
394	0	0	0
395	0	0	0
396	0	0	0
397	0	0	0
398	0	0	0
399	0	0	0
400	0	0	0
401	0	0	0
402	0	0	0
403	0	0	0
404	0	0	0
405	0	0	0
406	0	0	0
407	0	0	0
408	0	0	0
409	0	0	0
410	0	0	0
411	0	0	0
412	0	0	0
413	0	0	0
414	0	0	0
415	0	0	0
416	0	0	0
417	0	0	0
418	0	0	0
419	0	0	0
420	0	0	0
421	0	0	0
422	0	0	0
423	0	0	0
424	0	0	0
425	0	0	0
426	0	0	0
427	0	0	0
428	0	0	0
429	0	0	0
430	0	0	0
431	0	0	0
432	0	0	0
433	0	0	0
434	0	0	0
435	0	0	0
436	0	0	0
437	0	0	0
438	0	0	0
439	0	0	0
440	0	0	0
441	0	0	0
442	0	0	0
443	0	0	0
444	0	0	0
445	0	0	0
446	0	0	0
447	0	0	0
448	0	0	0
449	0	0	0
450	0	0	0
451	0	0	0
452	0	0	0
453	0	0	0
454	0	0	0
455	0	0	0
456	0	0	0
457	0	0	0
458	0	0	0
459	0	0	0
460	0	0	0
461	0	0	0
462	0	0	0
463	0	0	0
464	0	0	0
465	0	0	0
466	0	0	0
467	0	0	0
468	0	0	0
469	0	0	0
470	0	0	0
471	0	0	0
472	0	0	0
473	0	0	0
474	0	0	0
475	0	0	0
476	0	0	0
477	0	0	0
478	0	0	0
479	0	0	0
480	0	0	0
481	0	0	0
482	0	0	0
483	0	0	0
484	0	0	0
485	0	0	0
486	0	0	0
487	0	0	0
488	0	0	0
489	0	0	0
490	0	0	0
491	0	0	0
492	0	0	0
493	0	0	0
494	0	0	0
495	0	0	0
496	0	0	0
497	0	0	0
498	0	0	0
499	0	0	0
500	0	0	0
501	0	0	0
502	0	0	0
503	0	0	0
504	0	0	0
505	0	0	0
506	0	0	0
507	0	0	0
508	0	0	0
509	0	0	0
510	0	0	0
511	0	0	0
512	0	0	0
513	0	0	0
514	0	0	0
515	0	0	0
516	0	0	0
517	0	0	0
518	0	0	0
519	0	0	0
520	0	0	0
521	0	0	0
522	0	0	0
523	0	0	0
524	0	0	0
525	0	0	0
526	0	0	0
527	0	0	0
528	0	0	0
529	0	0	0
530	0	0	0
531	0	0	0
532	0	0	0
533	0	0	0
534	0	0	0
535	0	0	0
536	0	0	0
537	0	0	0
538	0	0	0
539	0	0	0
540	0	0	0
541	0	0	0
542	0	0	0
543	0	0	0
544	0	0	0
545	0	0	0
546	0	0	0
547	0	0	0
548	0	0	0
549	0	0	0
550	0	0	0
551	0	0	0
552	0	0	0
553	0	0	0
554	0	0	0
555	0	0	0
556	0	0	0
557	0	0	0
558	0	0	0
559	0	0	0
560	0	0	0
561	0	0	0
562	0	0	0
563	0	0	0
564	0	0	0
565	0	0	0
566	0	0	0
567	0	0	0
568	0	0	0
569	0	0	0
570	0	0	0
571	0	0	0
572	0	0	0
573	0	0	0
574	0	0	0
575	0	0	0
576	0	0	0
577	0	0	0
578	0	0	0
579	0	0	0
580	0	0	0
581	0	0	0
582	0	0	0
583	0	0	0
584	0	0	0
585	0	0	0
586	0	0	0
587	0	0	0
588	0	0	0
589	0	0	0
590	0	0	0
591	0	0	0
592	0	0	0
593	0	0	0
594	0	0	0
595	0	0	0
596	0	0	0
597	0	0	0
598	0	0	0
599	0	0	0
600	0	0	0
601	0	0	0
602	0	0	0
603	0	0	0
604	0	0	0
605	0	0	0
606	0	0	0
607	0	0	0
608	0	0	0
609	0	0	0
610	0	0	0
611	0	0	0
612	0	0	0
613	0	0	0
614	0	0	0
615	0	0	0
616	0	0	0
617	0	0	0
618	0	0	0
619	0	0	0
620	0	0	0
621	0	0	0
622	0	0	0
623	0	0	0
624	0	0	0
625	0	0	0
626	0	0	0
627	0	0	0
628	0	0	0
629	0	0	0
630	0	0	0
631	0	0	0
632	0	0	0
633	0	0	0
634	0	0	0
635	0	0	0
636	0	0	0
637	0	0	0
638	0	0	0
639	0	0	0
640	0	0	0
641	0	0	0
642	0	0	0
643	0	0	0
644	0	0	0
645	0	0	0
646	0	0	0
647	0	0	0
648	0	0	0
649	0	0	0
650	0	0	0
651	0	0	0
652	0	0	0
653	0	0	0
654	0	0	0
655	0	0	0
656	0	0	0
657	0	0	0
658	0	0	0
659	0	0	0
660	0	0	0
661	0	0	0
662	0	0	0
663	0	0	0
664	0	0	0
665	0	0	0
666	0	0	0
667	0	0	0
668	0	0	0
669	0	0	0
670	0	0	0
671	0	0	0
672	0	0	0
673	0	0	0
674	0	0	0
675	0	0	0
676	0	0	0
677	0	0	0
678	0	0	0
679	0	0	0
680	0	0	0
681	0	0	0
682	0	0	0
683	0	0	0
684	0	0	0
685	0	0	0
686	0	0	0
687	0	0	0
688	0	0	0
689	0	0	0
690	0	0	0
691	0	0	0
692	0	0	0
693	0	0	0
694	0	0	0
695	0	0	0
696	0	0	0
697	0	0	0
698	0	0	0
699	0	0	0
700	0	0	0
701	0	0	0
702	0	0	0
703	0	0	0
704	0	0	0
705	0	0	0
706	0	0	0
707	0	0	0
708	0	0	0
709	0	0	0
710	0	0	0
711	0	0	0
712	0	0	0
713	0	0	0
714	0	0	0
715	0	0	0
716	0	0	0
717	0	0	0
718	0	0	0
719	0	0	0
720	0	0	0
721	0	0	0
722	0	0	0
723	0	0	0
724	0	0	0
725	0	0	0
726	0	0	0
727	0	0	0
728	0	0	0
729	0	0	0
730	0	0	0
731	0	0	0
732	0	0	0
733	0	0	0
734	0	0	0
735	0	0	0
736	0	0	0
737	0	0	0
738	0	0	0
739	0	0	0
740	0	0	0
741	0	0	0
742	0	0	0
743	0	0	0
744	0	0	0
745	0	0	0
746	0	0	0
747	0	0	0
748	0	0	0
749	0	0	0
750	0	0	0
751	0	0	0
752	0	0	0
753	0	0	0
754	0	0	0
755	0	0	0
756	0	0	0
757	0	0	0
758	0	0	0
759	0	0	0
760	0	0	0
761	0	0	0
762	0	0	0
763	0	0	0
764	0	0	0
765	0	0	0
766	0	0	0
767	0	0	0
768	0	0	0
769	0	0	0
770	0	0	0
771	0	0	0
772	0	0	0
773	0	0	0
774	0	0	0
775	0	0	0
776	0	0	0
777	0	0	0
778	0	0	0
779	0	0	0
780	0	0	0
781	0	0	0
782	0	0	0
783	0	0	0
784	0	0	0
785	0	0	0
786	0	0	0
787	0	0	0
788	0	0	0
789	0	0	0
790	0	0	0
791	0	0	0
792	0	0	0
793	0	0	0
794	0	0	0
795	0	0	0
796	0	0	0
797	0	0	0
798	0	0	0
799	0	0	0
800	0	0	0
801	0	0	0
802	0	0	0
803	0	0	0
804	0	0	0
805	0	0	0
806	0	0	0
807	0	0	0
808	0	0	0
809	0	0	0
810	0	0	0
811	0	0	0
812	0	0	0
813	0	0	0
814	0	0	0
815	0	0	0
816	0	0	0
817	0	0	0
818	0	0	0
819	0	0	0
820	0	0	0
821	0	0	0
822	0	0	0
823	0	0	0
824	0	0	0
825	0	0	0
826	0	0	0
827	0	0	0
828	0	0	0
829	0	0	0
830	0	0	0
831	0	0	0
832	0	0	0
833	0	0	0
834	0	0	0
835	0	0	0
836	0	0	0
837	0	0	0
838	0	0	0
839	0	0	0
840	0	0	0
841	0	0	0
842	0	0	0
843	0	0	0
844	0	0	0
845	0	0	0
846	0	0	0
847	0	0	0
848	0	0	0
849	0	0	0
850	0	0	0
851	0	0	0
852	0	0	0
853	0	0	0
854	0	0	0
855	0	0	0
856	0	0	0
857	0	0	0
858	0	0	0
859	0	0	0
860	0	0	0
861	0	0	0
862	0	0	0
863	0	0	0
864	0	0	0
865	0	0	0
866	0	0	0
867	0	0	0
868	0	0	0
869	0	0	0
870	0	0	0
871	0	0	0
872	0	0	0
873	0	0	0
874	0	0	0
875	0	0	0
876	0	0	0
877	0	0	0
878	0	0	0
879	0	0	0
880	0	0	0
881	0	0	0
882	0	0	0
883	0	0	0
884	0	0	0
885	0	0	0
886	0	0	0
887	0	0	0
888	0	0	0
889	0	0	0
890	0	0	0
891	0	0	0
892	0	0	0
893	0	0	0
894	0	0	0
895	0	0	0
896	0	0	0
897	0	0	0
898	0	0	0
899	0	0	0
900	0	0	0
901	0	0	0
902	0	0	0
903	0	0	0
904	0	0	0
905	0	0	0
906	0	0	0
907	0	0	0
908	0	0	0
909	0	0	0
910	0	0	0
911	0	0	0
912	0	0	0
913	0	0	0
914	0	0	0
915	0	0	0
916	0	0	0
917	0	0	0
918	0	0	0
919	0	0	0
920	0	0	0
921	0	0	0
922	0	0	0
923	0	0	0
924	0	0	0
925	0	0	0
926	0	0	0
927	0	0	0
928	0	0	0
929	0	0	0
930	0	0	0
931	0	0	0
932	0	0	0
933	0	0	0
934	0	0	0
935	0	0	0
936	0	0	0
937	0	0	0
938	0	0	0
939	0	0	0
940	0	0	0
941	0	0	0
942	0	0	0
943	0	0	0
944	0	0	0
945	0	0	0
946	0	0	0
947	0	0	0
948	0	0	0
949	0	0	0
950	0	0	0
951	0	0	0
952	0	0	0
953	0	0	0
954	0	0	0
955	0	0	0
956	0	0	0
957	0	0	0
958	0	0	0
959	0	0	0
960	0	0	0
961	0	1	-1
962	0	1	-1
963	0	1	-1
964	0	1	-1
965	0	1	-1
966	0	1	-1
967	0	1	-1
968	0	1	-1
969	0	1	-1
970	0	1	-1
971	0	1	-1
972	0	1	-1
973	0	1	-1
974	0	1	-1
975	0	1	-1
976	0	1	-1
977	0	1	-1
978	0	1	-1
979	0	1	-1
980	0	1	-1
981	0	1	-1
982	0	1	-1
983	0	1	-1
984	0	1	-1
985	1	1	0
986	1	1	0
987	1	1	0
988	1	1	0
989	1	1	0
990	1	1	0
991	1	1	0
992	1	1	0
993	1	1	0
994	1	1	0
995	1	1	0
996	1	1	0
997	1	1	0
998	1	1	0
999	1	1	0
1000	1	1	0
1001	1	1	0
1002	1	1	0
1003	1	1	0
1004	1	1	0
1005	1	1	0
1006	1	1	0
1007	2	1	1
1008	2	1	1
1009	2	1	1
1010	2	1	1
1011	2	1	1
1012	2	1	1
1013	2	1	1
1014	2	1	1
1015	2	1	1
1016	2	1	1
1017	2	1	1
1018	2	1	1
1019	2	1	1
1020	2	1	1
1021	2	1	1
1022	2	1	1
1023	2	1	1
1024	2	1	1
1025	2	1	1
1026	2	1	1
1027	2	1	1
1028	2	1	1
1029	2	1	1
1030	3	1	2
1031	3	1	2
1032	3	1	2
1033	3	1	2
1034	3	1	2
1035	3	1	2
1036	3	1	2
1037	3	1	2
1038	3	1	2
1039	3	1	2
1040	3	1	2
1041	3	1	2
1042	3	1	2
1043	3	1	2
1044	3	1	2
1045	3	1	2
1046	3	1	2
1047	3	1	2
1048	3	1	2
1049	3	1	2
1050	3	1	2
1051	3	1	2
1052	3	1	2
1053	4	1	3
1054	4	1	3
1055	4	1	3
1056	4	1	3
1057	4	1	3
1058	4	1	3
1059	4	1	3
1060	4	1	3
1061	4	1	3
1062	4	1	3
1063	4	1	3
1064	4	1	3
1065	4	1	3
1066	4	1	3
1067	4	1	3
1068	4	1	3
1069	4	1	3
1070	4	1	3
1071	4	1	3
1072	4	1	3
1073	4	1	3
1074	4	1	3
1075	4	1	3
1076	4	1	3
1077	4	1	3
1078	4	1	3
1079	4	1	3
1080	4	1	3
1081	4	1	3
1082	4	1	3
1083	4	1	3
1084	4	1	3
1085	4	1	3
1086	4	1	3
1087	4	1	3
1088	4	1	3
1089	4	1	3
1090	4	1	3
1091	4	1	3
1092	4	1	3
1093	4	1	3
1094	4	1	3
1095	4	1	3
1096	4	1	3
1097	4	1	3
1098	4	1	3
1099	4	1	3
1100	4	1	3
1101	4	1	3
1102	4	1	3
1103	4	1	3
1104	4	1	3
1105	4	1	3
1106	4	1	3
1107	4	1	3
1108	4	1	3
1109	4	1	3
1110	4	1	3
1111	4	1	3
1112	4	1	3
1113	4	1	3
1114	4	1	3
1115	4	1	3
1116	4	1	3
1117	4	1	3
1118	4	1	3
1119	4	1	3
1120	4	1	3
1121	4	1	3
1122	4	1	3
1123	4	1	3
1124	4	1	3
1125	4	1	3
1126	4	1	3
1127	4	1	3
1128	4	1	3
1129	4	1	3
1130	4	1	3
1131	4	1	3
1132	4	1	3
1133	4	1	3
1134	4	1	3
1135	4	1	3
1136	4	1	3
1137	4	1	3
1138	4	1	3
1139	4	1	3
1140	4	1	3
1141	4	1	3
1142	4	1	3
1143	4	1	3
1144	4	1	3
1145	4	1	3
1146	4	1	3
1147	4	1	3
1148	4	1	3
1149	4	1	3
1150	4	1	3
1151	4	1	3
1152	4	1	3
1153	4	1	3
1154	4	1	3
1155	4	1	3
1156	4	1	3
1157	4	1	3
1158	4	1	3
1159	4	1	3
1160	4	1	3
1161	4	1	3
1162	4	1	3
1163	4	1	3
1164	4	1	3
1165	4	1	3
1166	4	1	3
1167	4	1	3
1168	4	1	3
1169	4	1	3
1170	4	1	3
1171	4	1	3
1172	4	1	3
1173	4	1	3
1174	4	1	3
1175	4	1	3
1176	4	1	3
1177	4	1	3
1178	4	1	3
1179	4	1	3
1180	4	1	3
1181	4	1	3
1182	4	1	3
1183	4	1	3
1184	4	1	3
1185	4	1	3
1186	4	1	3
1187	4	1	3
1188	4	1	3
1189	4	1	3
1190	4	1	3
1191	4	1	3
1192	4	1	3
1193	4	1	3
1194	4	1	3
1195	4	1	3
1196	4	1	3
1197	4	1	3
1198	4	1	3
1199	4	1	3
1200	4	1	3
1201	4	1	3
1202	4	1	3
1203	4	1	3
1204	4	1	3
1205	4	1	3
1206	4	1	3
1207	4	1	3
1208	4	1	3
1209	4	1	3
1210	4	1	3
1211	4	1	3
1212	4	1	3
1213	4	1	3
1214	4	1	3
1215	4	1	3
1216	4	1	3
1217	4	1	3
1218	4	1	3
1219	4	1	3
1220	4	1	3
1221	4	1	3
1222	4	1	3
1223	4	1	3
1224	4	1	3
1225	4	1	3
1226	4	1	3
1227	4	1	3
1228	4	1	3
1229	4	1	3
1230	4	1	3
1231	4	1	3
1232	4	1	3
1233	4	1	3
1234	4	1	3
1235	4	1	3
1236	4	1	3
1237	4	1	3
1238	4	1	3
1239	4	1	3
1240	4	1	3
1241	4	1	3
1242	4	1	3
1243	4	1	3
1244	4	1	3
1245	4	1	3
1246	4	1	3
1247	4	1	3
1248	4	1	3
1249	4	1	3
1250	4	1	3
1251	4	1	3
1252	4	1	3
1253	4	1	3
1254	4	1	3
1255	4	1	3
1256	4	1	3
1257	4	1	3
1258	4	1	3
1259	4	1	3
1260	4	1	3
1261	4	1	3
1262	4	1	3
1263	4	1	3
1264	4	1	3
1265	4	1	3
1266	4	1	3
1267	4	1	3
1268	4	1	3
1269	4	1	3
1270	4	1	3
1271	4	1	3
1272	4	1	3
1273	4	1	3
1274	4	1	3
1275	4	1	3
1276	4	1	3
1277	4	1	3
1278	4	1	3
1279	4	1	3
1280	4	1	3
1281	4	1	3
1282	4	1	3
1283	4	1	3
1284	4	1	3
1285	4	1	3
1286	4	1	3
1287	4	1	3
1288	4	1	3
1289	4	1	3
1290	4	1	3
1291	4	1	3
1292	4	1	3
1293	4	1	3
1294	4	1	3
1295	4	1	3
1296	4	1	3
1297	4	1	3
1298	4	1	3
1299	4	1	3
1300	4	1	3
1301	4	1	3
1302	4	1	3
1303	4	1	3
1304	4	1	3
1305	4	1	3
1306	4	1	3
1307	4	1	3
1308	4	1	3
1309	4	1	3
1310	4	1	3
1311	4	1	3
1312	4	1	3
1313	4	1	3
1314	4	1	3
1315	4	1	3
1316	4	1	3
1317	4	1	3
1318	4	1	3
1319	4	2	2
1320	4	2	2
1321	4	2	2
1322	4	2	2
1323	4	2	2
1324	4	2	2
1325	4	2	2
1326	4	2	2
1327	4	2	2
1328	4	2	2
1329	4	2	2
1330	4	2	2
1331	4	2	2
1332	4	2	2
1333	4	2	2
1334	4	2	2
1335	4	2	2
1336	4	2	2
1337	4	2	2
1338	4	2	2
1339	4	2	2
1340	4	2	2
1341	4	2	2
1342	4	2	2
1343	4	2	2
1344	4	2	2
1345	4	2	2
1346	4	2	2
1347	4	2	2
1348	4	2	2
1349	4	2	2
1350	4	2	2
1351	4	2	2
1352	4	2	2
1353	4	2	2
1354	4	2	2
1355	4	2	2
1356	4	2	2
1357	4	2	2
1358	4	2	2
1359	4	2	2
1360	4	2	2
1361	4	2	2
1362	4	2	2
1363	4	2	2
1364	4	2	2
1365	4	2	2
1366	4	2	2
1367	4	2	2
1368	4	2	2
1369	4	2	2
1370	4	2	2
1371	4	2	2
1372	4	2	2
1373	4	2	2
1374	4	2	2
1375	4	2	2
1376	4	2	2
1377	4	2	2
1378	4	2	2
1379	4	2	2
1380	4	2	2
1381	4	2	2
1382	4	2	2
1383	4	2	2
1384	4	2	2
1385	4	3	1
1386	4	3	1
1387	4	3	1
1388	4	3	1
1389	4	3	1
1390	4	3	1
1391	4	3	1
1392	4	3	1
1393	4	3	1
1394	4	3	1
1395	4	3	1
1396	4	3	1
1397	4	3	1
1398	4	3	1
1399	4	3	1
1400	4	3	1
1401	4	3	1
1402	4	3	1
1403	4	3	1
1404	4	3	1
1405	4	3	1
1406	4	3	1
1407	4	3	1
1408	4	3	1
1409	5	3	2
1410	5	3	2
1411	5	3	2
1412	5	3	2
1413	5	3	2
1414	5	3	2
1415	5	3	2
1416	5	3	2
1417	5	3	2
1418	5	3	2
1419	5	3	2
1420	5	3	2
1421	5	3	2
1422	5	3	2
1423	5	3	2
1424	5	3	2
1425	5	3	2
1426	5	3	2
1427	5	3	2
1428	5	3	2
1429	5	3	2
1430	5	3	2
1431	5	3	2
1432	5	3	2
1433	6	3	3
1434	6	3	3
1435	6	3	3
1436	6	3	3
1437	6	3	3
1438	6	3	3
1439	6	3	3
1440	6	3	3
1441	6	3	3
1442	6	3	3
1443	6	3	3
1444	6	3	3
1445	6	3	3
1446	7	3	4
1447	7	3	4
1448	7	3	4
1449	7	3	4
1450	7	3	4
1451	7	3	4
1452	7	3	4
1453	7	3	4
1454	7	3	4
1455	7	3	4
1456	7	3	4
1457	7	3	4
1458	7	3	4
1459	7	3	4
1460	7	3	4
1461	7	3	4
1462	7	3	4
1463	7	3	4
1464	7	3	4
1465	7	3	4
1466	7	3	4
1467	7	3	4
1468	7	3	4
1469	7	3	4
1470	7	3	4
1471	7	3	4
1472	7	3	4
1473	7	3	4
1474	7	3	4
1475	7	3	4
1476	7	3	4
1477	7	3	4
1478	7	3	4
1479	7	3	4
1480	7	3	4
1481	7	3	4
1482	7	3	4
1483	7	3	4
1484	7	3	4
1485	7	3	4
1486	7	3	4
1487	7	3	4
1488	7	3	4
1489	7	3	4
1490	7	3	4
1491	7	3	4
1492	7	3	4
1493	7	3	4
1494	7	3	4
1495	7	3	4
1496	7	3	4
1497	7	3	4
1498	7	3	4
1499	7	3	4
1500	7	3	4
1501	7	3	4
1502	7	3	4
1503	7	3	4
1504	7	3	4
1505	7	3	4
1506	7	3	4
1507	7	3	4
1508	7	3	4
1509	7	3	4
1510	7	3	4
1511	7	3	4
1512	7	3	4
1513	7	3	4
1514	7	3	4
1515	7	3	4
1516	7	3	4
1517	7	3	4
1518	7	3	4
1519	7	3	4
1520	7	3	4
1521	7	3	4
1522	7	3	4
1523	7	3	4
1524	7	3	4
1525	7	3	4
1526	7	3	4
1527	7	3	4
1528	7	3	4
1529	7	3	4
1530	7	3	4
1531	7	3	4
1532	7	3	4
1533	7	3	4
1534	7	3	4
1535	7	3	4
1536	7	3	4
1537	7	3	4
1538	7	3	4
1539	7	3	4
1540	7	3	4
1541	7	3	4
1542	7	3	4
1543	7	3	4
1544	7	3	4
1545	7	3	4
1546	7	3	4
1547	7	3	4
1548	7	3	4
1549	7	3	4
1550	7	3	4
1551	7	3	4
1552	7	3	4
1553	7	3	4
1554	7	3	4
1555	7	3	4
1556	7	3	4
1557	7	3	4
1558	7	3	4
1559	7	3	4
1560	7	3	4
1561	7	3	4
1562	7	3	4
1563	7	3	4
1564	7	3	4
1565	7	3	4
1566	7	3	4
1567	7	3	4
1568	7	3	4
1569	7	3	4
1570	7	3	4
1571	7	3	4
1572	7	3	4
1573	7	3	4
1574	7	3	4
1575	7	3	4
1576	7	3	4
1577	7	3	4
1578	7	3	4
1579	7	3	4
1580	7	3	4
1581	7	3	4
1582	7	3	4
1583	7	3	4
1584	7	3	4
1585	7	3	4
1586	7	3	4
1587	7	3	4
1588	7	3	4
1589	7	3	4
1590	7	3	4
1591	7	3	4
1592	7	3	4
1593	7	3	4
1594	7	3	4
1595	7	3	4
1596	7	3	4
1597	7	3	4
1598	7	3	4
1599	7	3	4
1600	7	3	4
1601	7	3	4
1602	7	3	4
1603	7	3	4
1604	7	3	4
1605	7	3	4
1606	7	3	4
1607	7	3	4
1608	7	3	4
1609	7	3	4
1610	7	3	4
1611	7	3	4
1612	7	3	4
1613	7	3	4
1614	7	3	4
1615	7	3	4
1616	7	3	4
1617	7	3	4
1618	7	3	4
1619	7	3	4
1620	7	3	4
1621	7	3	4
1622	7	3	4
1623	7	3	4
1624	7	3	4
1625	7	3	4
1626	7	3	4
1627	7	3	4
1628	7	3	4
1629	7	3	4
1630	7	3	4
1631	7	3	4
1632	7	3	4
1633	7	3	4
1634	7	3	4
1635	7	3	4
1636	7	3	4
1637	7	3	4
1638	7	3	4
1639	7	3	4
1640	7	3	4
1641	7	3	4
1642	7	3	4
1643	7	3	4
1644	7	3	4
1645	7	3	4
1646	7	3	4
1647	7	3	4
1648	7	3	4
1649	7	3	4
1650	7	3	4
1651	7	3	4
1652	7	3	4
1653	7	3	4
1654	7	3	4
1655	7	3	4
1656	7	3	4
1657	7	3	4
1658	7	3	4
1659	7	3	4
1660	7	3	4
1661	7	3	4
1662	7	3	4
1663	7	3	4
1664	7	3	4
1665	7	3	4
1666	7	3	4
1667	7	3	4
1668	7	3	4
1669	7	3	4
1670	7	3	4
1671	7	3	4
1672	7	3	4
1673	7	3	4
1674	7	3	4
1675	7	3	4
1676	7	3	4
1677	7	3	4
1678	7	3	4
1679	7	3	4
1680	7	3	4
1681	7	3	4
1682	7	3	4
1683	7	3	4
1684	7	3	4
1685	7	3	4
1686	7	3	4
1687	7	3	4
1688	7	3	4
1689	7	3	4
1690	7	3	4
1691	7	3	4
1692	7	3	4
1693	7	3	4
1694	7	3	4
1695	7	3	4
1696	7	3	4
1697	7	3	4
1698	7	3	4
1699	7	3	4
1700	7	3	4
1701	7	3	4
1702	7	3	4
1703	7	3	4
1704	7	3	4
1705	7	3	4
1706	7	3	4
1707	7	3	4
1708	7	3	4
1709	7	3	4
1710	7	3	4
1711	7	3	4
1712	7	3	4
1713	7	3	4
1714	7	3	4
1715	7	3	4
1716	7	3	4
1717	7	3	4
1718	7	3	4
1719	7	3	4
1720	7	3	4
1721	7	3	4
1722	7	3	4
1723	7	3	4
1724	7	3	4
1725	7	3	4
1726	7	3	4
1727	7	3	4
1728	7	3	4
1729	7	3	4
1730	7	3	4
1731	7	3	4
1732	7	3	4
1733	7	3	4
1734	7	3	4
1735	7	3	4
1736	7	3	4
1737	7	3	4
1738	7	3	4
1739	7	3	4
1740	7	3	4
1741	7	3	4
1742	7	3	4
1743	7	3	4
1744	7	3	4
1745	7	3	4
1746	7	3	4
1747	7	3	4
1748	7	3	4
1749	7	3	4
1750	7	3	4
1751	7	3	4
1752	7	3	4
1753	7	3	4
1754	7	3	4
1755	7	3	4
1756	7	3	4
1757	7	3	4
1758	7	3	4
1759	7	3	4
1760	7	3	4
1761	7	3	4
1762	7	3	4
1763	7	3	4
1764	7	3	4
1765	7	3	4
1766	7	3	4
1767	7	3	4
1768	7	3	4
1769	7	3	4
1770	7	3	4
1771	7	3	4
1772	7	3	4
1773	7	3	4
1774	7	3	4
1775	7	3	4
1776	7	3	4
1777	7	3	4
1778	7	3	4
1779	7	3	4
1780	7	3	4
1781	7	3	4
1782	7	3	4
1783	7	3	4
1784	7	3	4
1785	7	3	4
1786	7	3	4
1787	7	3	4
1788	7	3	4
1789	7	3	4
1790	7	3	4
1791	7	3	4
1792	7	3	4
1793	7	3	4
1794	7	3	4
1795	7	3	4
1796	7	3	4
1797	7	3	4
1798	7	3	4
1799	7	3	4
1800	7	3	4
1801	7	3	4
1802	7	3	4
1803	7	3	4
1804	7	3	4
1805	7	3	4
1806	7	3	4
1807	7	3	4
1808	7	3	4
1809	7	3	4
1810	7	3	4
1811	7	3	4
1812	7	3	4
1813	7	3	4
1814	7	3	4
1815	7	3	4
1816	7	3	4
1817	7	3	4
1818	7	3	4
1819	7	3	4
1820	7	3	4
1821	7	3	4
1822	7	3	4
1823	7	3	4
1824	7	3	4
1825	7	3	4
1826	7	3	4
1827	7	3	4
1828	7	3	4
1829	7	3	4
1830	7	3	4
1831	7	3	4
1832	7	3	4
1833	7	3	4
1834	7	3	4
1835	7	3	4
1836	7	3	4
1837	7	3	4
1838	7	3	4
1839	7	3	4
1840	7	3	4
1841	7	3	4
1842	7	3	4
1843	7	3	4
1844	7	3	4
1845	7	3	4
1846	7	3	4
1847	7	3	4
1848	7	3	4
1849	7	3	4
1850	7	3	4
1851	7	3	4
1852	7	3	4
1853	7	3	4
1854	7	3	4
1855	7	3	4
1856	7	3	4
1857	7	3	4
1858	7	3	4
1859	7	3	4
1860	7	3	4
1861	7	3	4
1862	7	3	4
1863	7	3	4
1864	7	3	4
1865	7	3	4
1866	7	3	4
1867	7	3	4
1868	7	3	4
1869	7	3	4
1870	7	3	4
1871	7	3	4
1872	7	3	4
1873	7	3	4
1874	7	3	4
1875	7	3	4
1876	7	3	4
1877	7	3	4
1878	7	3	4
1879	7	3	4
1880	7	3	4
1881	7	3	4
1882	7	3	4
1883	7	3	4
1884	7	3	4
1885	7	3	4
1886	7	3	4
1887	7	3	4
1888	7	3	4
1889	7	3	4
1890	7	3	4
1891	7	3	4
1892	7	3	4
1893	7	3	4
1894	7	3	4
1895	7	3	4
1896	7	3	4
1897	7	3	4
1898	7	3	4
1899	7	3	4
1900	7	3	4
1901	7	3	4
1902	7	3	4
1903	7	3	4
1904	7	3	4
1905	7	3	4
1906	7	3	4
1907	7	3	4
1908	7	3	4
1909	7	3	4
1910	7	3	4
1911	7	3	4
1912	7	3	4
1913	7	3	4
1914	7	3	4
1915	7	3	4
1916	7	3	4
1917	7	3	4
1918	7	3	4
1919	7	3	4
1920	7	3	4
1921	7	3	4
1922	7	3	4
1923	7	3	4
1924	7	3	4
1925	7	3	4
1926	7	3	4
1927	7	3	4
1928	7	3	4
1929	7	3	4
1930	7	3	4
1931	7	3	4
1932	7	3	4
1933	7	3	4
1934	7	3	4
1935	7	3	4
1936	7	3	4
1937	7	3	4
1938	7	3	4
1939	7	3	4
1940	7	3	4
1941	7	3	4
1942	7	3	4
1943	7	3	4
1944	7	3	4
1945	7	3	4
1946	7	3	4
1947	7	3	4
1948	7	3	4
1949	7	3	4
1950	7	3	4
1951	7	3	4
1952	7	3	4
1953	7	3	4
1954	7	3	4
1955	7	3	4
1956	7	3	4
1957	7	3	4
1958	7	3	4
1959	7	3	4
1960	7	3	4
1961	7	3	4
1962	7	3	4
1963	7	3	4
1964	7	3	4
1965	7	3	4
1966	7	3	4
1967	7	3	4
1968	7	3	4
1969	7	3	4
1970	7	3	4
1971	7	3	4
1972	7	3	4
1973	7	3	4
1974	7	3	4
1975	7	3	4
1976	7	3	4
1977	7	3	4
1978	7	3	4
1979	7	3	4
1980	7	3	4
1981	7	3	4
1982	7	3	4
1983	7	3	4
1984	7	3	4
1985	7	3	4
1986	7	3	4
1987	7	3	4
1988	7	3	4
1989	7	3	4
1990	7	3	4
1991	7	3	4
1992	7	3	4
1993	7	3	4
1994	7	3	4
1995	7	3	4
1996	7	3	4
1997	7	3	4
1998	7	3	4
1999	7	3	4
2000	7	3	4
2001	7	3	4
2002	7	3	4
2003	7	3	4
2004	7	3	4
2005	7	3	4
2006	7	3	4
2007	7	3	4
2008	7	3	4
2009	7	3	4
2010	7	3	4
2011	7	3	4
2012	7	3	4
2013	7	3	4
2014	7	3	4
2015	7	3	4
2016	7	3	4
2017	7	3	4
2018	7	3	4
2019	7	3	4
2020	7	3	4
2021	7	3	4
2022	7	3	4
2023	7	3	4
2024	7	3	4
2025	7	3	4
2026	7	3	4
2027	7	3	4
2028	7	3	4
2029	7	3	4
2030	7	3	4
2031	7	3	4
2032	7	3	4
2033	7	3	4
2034	7	3	4
2035	7	3	4
2036	7	3	4
2037	7	3	4
2038	7	3	4
2039	7	3	4
2040	7	3	4
2041	7	3	4
2042	7	3	4
2043	7	3	4
2044	7	3	4
2045	7	3	4
2046	7	3	4
2047	7	3	4
2048	7	3	4
2049	7	3	4
2050	7	3	4
2051	7	3	4
2052	7	3	4
2053	7	3	4
2054	7	3	4
2055	7	3	4
2056	7	3	4
2057	7	3	4
2058	7	3	4
2059	7	3	4
2060	7	3	4
2061	7	3	4
2062	7	3	4
2063	7	3	4
2064	7	3	4
2065	7	3	4
2066	7	3	4
2067	7	3	4
2068	7	3	4
2069	7	3	4
2070	7	3	4
2071	7	3	4
2072	7	3	4
2073	7	3	4
2074	7	3	4
2075	7	3	4
2076	7	3	4
2077	7	3	4
2078	7	3	4
2079	7	3	4
2080	7	3	4
2081	7	3	4
2082	7	3	4
2083	7	3	4
2084	7	3	4
2085	7	3	4
2086	7	3	4
2087	7	3	4
2088	7	3	4
2089	7	3	4
2090	7	3	4
2091	7	3	4
2092	7	3	4
2093	7	3	4
2094	7	3	4
2095	7	3	4
2096	7	3	4
2097	7	3	4
2098	7	3	4
2099	7	3	4
2100	7	3	4
2101	7	3	4
2102	7	3	4
2103	7	3	4
2104	7	3	4
2105	7	3	4
2106	7	3	4
2107	7	3	4
2108	7	3	4
2109	7	3	4
2110	7	3	4
2111	7	3	4
2112	7	3	4
2113	7	3	4
2114	7	3	4
2115	7	3	4
2116	7	3	4
2117	7	3	4
2118	7	3	4
2119	7	3	4
2120	7	3	4
2121	7	3	4
2122	7	3	4
2123	7	3	4
2124	7	3	4
2125	7	3	4
2126	7	3	4
2127	7	3	4
2128	7	3	4
2129	7	3	4
2130	7	3	4
2131	7	3	4
2132	7	3	4
2133	7	3	4
2134	7	3	4
2135	7	3	4
2136	7	3	4
2137	7	3	4
2138	7	3	4
2139	7	3	4
2140	7	3	4
2141	7	3	4
2142	7	3	4
2143	7	3	4
2144	7	3	4
2145	7	3	4
2146	7	3	4
2147	7	3	4
2148	7	3	4
2149	7	3	4
2150	7	3	4
2151	7	3	4
2152	7	3	4
2153	7	3	4
2154	7	3	4
2155	7	3	4
2156	7	3	4
2157	7	3	4
2158	7	3	4
2159	7	3	4
2160	7	3	4
2161	7	3	4
2162	7	3	4
2163	7	3	4
2164	7	3	4
2165	7	3	4
2166	7	3	4
2167	7	3	4
2168	7	3	4
2169	7	3	4
2170	7	3	4
2171	7	3	4
2172	7	3	4
2173	7	3	4
2174	7	3	4
2175	7	3	4
2176	7	3	4
2177	7	3	4
2178	7	3	4
2179	7	3	4
2180	7	3	4
2181	7	3	4
2182	7	3	4
2183	7	3	4
2184	7	3	4
2185	7	3	4
2186	7	3	4
2187	7	3	4
2188	7	3	4
2189	7	3	4
2190	7	3	4
2191	7	3	4
2192	7	3	4
2193	7	3	4
2194	7	3	4
2195	7	3	4
2196	7	3	4
2197	7	3	4
2198	7	3	4
2199	7	3	4
2200	7	3	4
2201	7	3	4
2202	7	3	4
2203	7	3	4
2204	7	3	4
2205	7	3	4
2206	7	3	4
2207	7	3	4
2208	7	3	4
2209	7	3	4
2210	7	3	4
2211	7	3	4
2212	7	3	4
2213	7	3	4
2214	7	3	4
2215	7	3	4
2216	7	3	4
2217	7	3	4
2218	7	3	4
2219	7	3	4
2220	7	3	4
2221	7	3	4
2222	7	3	4
2223	7	3	4
2224	7	3	4
2225	7	3	4
2226	7	3	4
2227	7	3	4
2228	7	3	4
2229	7	3	4
2230	7	3	4
2231	7	3	4
2232	7	3	4
2233	7	3	4
2234	7	3	4
2235	7	3	4
2236	7	3	4
2237	7	3	4
2238	7	3	4
2239	7	3	4
2240	7	3	4
2241	7	3	4
2242	7	3	4
2243	7	3	4
2244	7	3	4
2245	7	3	4
2246	7	3	4
2247	7	3	4
2248	7	3	4
2249	7	3	4
2250	7	3	4
2251	7	3	4
2252	7	3	4
2253	7	3	4
2254	7	3	4
2255	7	3	4
2256	7	3	4
2257	7	3	4
2258	7	3	4
2259	7	3	4
2260	7	3	4
2261	7	3	4
2262	7	3	4
2263	7	3	4
2264	7	3	4
2265	7	3	4
2266	7	3	4
2267	7	3	4
2268	7	3	4
2269	7	3	4
2270	7	3	4
2271	7	3	4
2272	7	3	4
2273	7	3	4
2274	7	3	4
2275	7	3	4
2276	7	3	4
2277	7	3	4
2278	7	3	4
2279	7	3	4
2280	7	3	4
2281	7	3	4
2282	7	3	4
2283	7	3	4
2284	7	3	4
2285	7	3	4
2286	7	3	4
2287	7	3	4
2288	7	3	4
2289	7	3	4
2290	7	3	4
2291	7	3	4
2292	7	3	4
2293	7	3	4
2294	7	3	4
2295	7	3	4
2296	7	3	4
2297	7	3	4
2298	7	3	4
2299	7	3	4
2300	7	3	4
2301	7	3	4
2302	7	3	4
2303	7	3	4
2304	7	3	4
2305	7	3	4
2306	7	3	4
2307	7	3	4
2308	7	3	4
2309	7	3	4
2310	7	3	4
2311	7	3	4
2312	7	3	4
2313	7	3	4
2314	7	3	4
2315	7	3	4
2316	7	3	4
2317	7	3	4
2318	7	3	4
2319	7	3	4
2320	7	3	4
2321	7	3	4
2322	7	3	4
2323	7	3	4
2324	7	3	4
2325	7	3	4
2326	7	3	4
2327	7	3	4
2328	7	3	4
2329	7	3	4
2330	7	3	4
2331	7	3	4
2332	7	3	4
2333	7	3	4
2334	7	3	4
2335	7	3	4
2336	7	3	4
2337	7	3	4
2338	7	3	4
2339	7	3	4
2340	7	3	4
2341	7	3	4
2342	7	3	4
2343	7	3	4
2344	7	3	4
2345	7	3	4
2346	7	3	4
2347	7	3	4
2348	7	3	4
2349	7	3	4
2350	7	3	4
2351	7	3	4
2352	7	3	4
2353	7	3	4
2354	7	3	4
2355	7	3	4
2356	7	3	4
2357	7	3	4
2358	7	3	4
2359	7	3	4
2360	7	3	4
2361	7	3	4
2362	7	3	4
2363	7	3	4
2364	7	3	4
2365	7	3	4
2366	7	3	4
2367	7	3	4
2368	7	3	4
2369	7	3	4
2370	7	3	4
2371	7	3	4
2372	7	3	4
2373	7	3	4
2374	7	3	4
2375	7	3	4
2376	7	3	4
2377	7	3	4
2378	7	3	4
2379	7	3	4
2380	7	3	4
2381	7	3	4
2382	7	3	4
2383	7	3	4
2384	7	3	4
2385	7	3	4
2386	7	3	4
2387	7	3	4
2388	7	3	4
2389	7	3	4
2390	7	3	4
2391	7	3	4
2392	7	3	4
2393	7	3	4
2394	7	3	4
2395	7	3	4
2396	7	3	4
2397	7	3	4
2398	7	3	4
2399	7	3	4
2400	7	3	4
2401	7	3	4
2402	7	3	4
2403	7	3	4
2404	7	3	4
2405	7	3	4
2406	7	3	4
2407	7	3	4
2408	7	3	4
2409	7	3	4
2410	7	3	4
2411	7	3	4
2412	7	3	4
2413	7	3	4
2414	7	3	4
2415	7	3	4
2416	7	3	4
2417	7	3	4
2418	7	3	4
2419	7	3	4
2420	7	3	4
2421	7	3	4
2422	7	3	4
2423	7	3	4
2424	7	3	4
2425	7	3	4
2426	7	3	4
2427	7	3	4
2428	7	3	4
2429	7	3	4
2430	7	3	4
2431	7	3	4
2432	7	3	4
2433	7	3	4
2434	7	3	4
2435	7	3	4
2436	7	3	4
2437	7	3	4
2438	7	3	4
2439	7	3	4
2440	7	3	4
2441	7	3	4
2442	7	3	4
2443	7	3	4
2444	7	3	4
2445	7	3	4
2446	7	3	4
2447	7	3	4
2448	7	3	4
2449	7	3	4
2450	7	3	4
2451	7	3	4
2452	7	3	4
2453	7	3	4
2454	7	3	4
2455	7	3	4
2456	7	3	4
2457	7	3	4
2458	7	3	4
2459	7	3	4
2460	7	3	4
2461	7	3	4
2462	7	3	4
2463	7	3	4
2464	7	3	4
2465	7	3	4
2466	7	3	4
2467	7	3	4
2468	7	3	4
2469	7	3	4
2470	7	3	4
2471	7	3	4
2472	7	3	4
2473	7	3	4
2474	7	3	4
2475	7	3	4
2476	7	3	4
2477	7	3	4
2478	7	3	4
2479	7	3	4
2480	7	3	4
2481	7	3	4
2482	7	3	4
2483	7	3	4
2484	7	3	4
2485	7	3	4
2486	7	3	4
2487	7	3	4
2488	7	3	4
2489	7	3	4
2490	7	3	4
2491	7	3	4
2492	7	3	4
2493	7	3	4
2494	7	3	4
2495	7	3	4
2496	7	3	4
2497	7	3	4
2498	7	3	4
2499	7	3	4
2500	7	3	4
2501	7	3	4
2502	7	3	4
2503	7	3	4
2504	7	3	4
2505	7	3	4
2506	7	3	4
2507	7	3	4
2508	7	3	4
2509	7	3	4
2510	7	3	4
2511	7	3	4
2512	7	3	4
2513	7	3	4
2514	7	3	4
2515	7	3	4
2516	7	3	4
2517	7	3	4
2518	7	3	4
2519	7	3	4
2520	7	3	4
2521	7	3	4
2522	7	3	4
2523	7	3	4
2524	7	3	4
2525	7	3	4
2526	7	3	4
2527	7	3	4
2528	7	3	4
2529	7	3	4
2530	7	3	4
2531	7	3	4
2532	7	3	4
2533	7	3	4
2534	7	3	4
2535	7	3	4
2536	7	3	4
2537	7	3	4
2538	7	3	4
2539	7	3	4
2540	7	3	4
2541	7	3	4
2542	7	3	4
2543	7	3	4
2544	7	3	4
2545	7	3	4
2546	7	3	4
2547	7	3	4
2548	7	3	4
2549	7	3	4
2550	7	3	4
2551	7	3	4
2552	7	3	4
2553	7	3	4
2554	7	3	4
2555	7	3	4
2556	7	3	4
2557	7	3	4
2558	7	3	4
2559	7	3	4
2560	7	3	4
2561	7	3	4
2562	7	3	4
2563	7	3	4
2564	7	3	4
2565	7	3	4
2566	7	3	4
2567	7	3	4
2568	7	3	4
2569	7	3	4
2570	7	3	4
2571	7	3	4
2572	7	3	4
2573	7	3	4
2574	7	3	4
2575	7	3	4
2576	7	3	4
2577	7	3	4
2578	7	3	4
2579	7	3	4
2580	7	3	4
2581	7	3	4
2582	7	3	4
2583	7	3	4
2584	7	3	4
2585	7	3	4
2586	7	3	4
2587	7	3	4
2588	7	3	4
2589	7	3	4
2590	7	3	4
2591	7	3	4
2592	7	3	4
2593	7	3	4
2594	7	3	4
2595	7	3	4
2596	7	3	4
2597	7	3	4
2598	7	3	4
2599	7	3	4
2600	7	3	4
2601	7	3	4
2602	7	3	4
2603	7	3	4
2604	7	3	4
2605	7	3	4
2606	7	3	4
2607	7	3	4
2608	7	3	4
2609	7	3	4
2610	7	3	4
2611	7	3	4
2612	7	3	4
2613	7	3	4
2614	7	3	4
2615	7	3	4
2616	7	3	4
2617	7	3	4
2618	7	3	4
2619	7	3	4
2620	7	3	4
2621	7	3	4
2622	7	3	4
2623	7	3	4
2624	7	3	4
2625	7	3	4
2626	7	3	4
2627	7	3	4
2628	7	3	4
2629	7	3	4
2630	7	3	4
2631	7	3	4
2632	7	3	4
2633	7	3	4
2634	7	3	4
2635	7	3	4
2636	7	3	4
2637	7	3	4
2638	7	3	4
2639	7	3	4
2640	7	3	4
2641	7	3	4
2642	7	3	4
2643	7	3	4
2644	7	3	4
2645	7	3	4
2646	7	3	4
2647	7	3	4
2648	7	3	4
2649	7	3	4
2650	7	3	4
2651	7	3	4
2652	7	3	4
2653	7	3	4
2654	7	3	4
2655	7	3	4
2656	7	3	4
2657	7	3	4
2658	7	3	4
2659	7	3	4
2660	7	3	4
2661	7	3	4
2662	7	3	4
2663	7	3	4
2664	7	3	4
2665	7	3	4
2666	7	3	4
2667	7	3	4
2668	7	3	4
2669	7	3	4
2670	7	3	4
2671	8	3	5
2672	8	3	5
2673	8	3	5
2674	8	3	5
2675	8	3	5
2676	8	3	5
2677	8	3	5
2678	8	3	5
2679	8	3	5
2680	8	3	5
2681	8	3	5
2682	8	3	5
2683	8	3	5
2684	8	3	5
2685	8	3	5
2686	8	3	5
2687	8	3	5
2688	8	3	5
2689	8	3	5
2690	8	3	5
2691	8	3	5
2692	8	3	5
2693	8	3	5
2694	8	3	5
2695	8	3	5
2696	8	3	5
2697	8	3	5
2698	8	3	5
2699	8	3	5
2700	8	3	5
2701	8	3	5
2702	8	3	5
2703	8	3	5
2704	8	3	5
2705	8	3	5
2706	8	3	5
2707	8	3	5
2708	8	3	5
2709	8	3	5
2710	8	3	5
2711	8	3	5
2712	8	3	5
2713	8	3	5
2714	8	3	5
2715	8	3	5
2716	8	3	5
2717	8	3	5
2718	8	3	5
2719	8	3	5
2720	8	3	5
2721	8	3	5
2722	8	3	5
2723	8	3	5
2724	8	3	5
2725	8	3	5
2726	8	3	5
2727	8	3	5
2728	8	3	5
2729	8	3	5
2730	8	3	5
2731	8	3	5
2732	8	3	5
2733	8	3	5
2734	8	3	5
2735	8	3	5
2736	8	3	5
2737	8	3	5
2738	8	3	5
2739	8	3	5
2740	8	3	5
2741	8	3	5
2742	8	3	5
2743	8	3	5
2744	8	3	5
2745	8	3	5
2746	8	3	5
2747	8	3	5
2748	8	3	5
2749	8	3	5
2750	8	3	5
2751	8	3	5
2752	8	3	5
2753	8	3	5
2754	8	3	5
2755	8	3	5
2756	8	3	5
2757	8	3	5
2758	8	3	5
2759	8	3	5
2760	8	3	5
2761	8	3	5
2762	8	3	5
2763	8	3	5
2764	8	3	5
2765	8	3	5
2766	8	3	5
2767	8	3	5
2768	8	3	5
2769	8	3	5
2770	8	3	5
2771	8	3	5
2772	8	3	5
2773	8	3	5
2774	8	3	5
2775	8	3	5
2776	8	3	5
2777	8	3	5
2778	8	3	5
2779	8	3	5
2780	8	3	5
2781	8	3	5
2782	8	3	5
2783	8	3	5
2784	8	3	5
2785	8	3	5
2786	8	3	5
2787	8	3	5
2788	8	3	5
2789	8	3	5
2790	8	3	5
2791	8	3	5
2792	8	3	5
2793	8	3	5
2794	8	3	5
2795	8	3	5
2796	8	3	5
2797	8	3	5
2798	8	3	5
2799	8	3	5
2800	8	3	5
2801	8	3	5
2802	8	3	5
2803	8	3	5
2804	8	3	5
2805	8	3	5
2806	8	3	5
2807	8	3	5
2808	8	3	5
2809	8	3	5
2810	8	3	5
2811	8	3	5
2812	8	3	5
2813	8	3	5
2814	8	3	5
2815	8	3	5
2816	8	3	5
2817	8	3	5
2818	8	3	5
2819	8	3	5
2820	8	3	5
2821	8	3	5
2822	8	3	5
2823	8	3	5
2824	8	3	5
2825	8	3	5
2826	8	3	5
2827	8	3	5
2828	8	3	5
2829	8	3	5
2830	8	3	5
2831	8	3	5
2832	8	3	5
2833	8	3	5
2834	8	3	5
2835	8	3	5
2836	8	3	5
2837	8	3	5
2838	8	3	5
2839	8	3	5
2840	8	3	5
2841	8	3	5
2842	8	3	5
2843	8	3	5
2844	8	3	5
2845	8	3	5
2846	8	3	5
2847	8	3	5
2848	8	3	5
2849	8	3	5
2850	8	3	5
2851	8	3	5
2852	8	3	5
2853	8	3	5
2854	8	3	5
2855	8	3	5
2856	8	3	5
2857	8	3	5
2858	8	3	5
2859	8	3	5
2860	8	3	5
2861	8	3	5
2862	8	3	5
2863	8	3	5
2864	8	3	5
2865	8	3	5
2866	8	3	5
2867	8	3	5
2868	8	3	5
2869	8	3	5
2870	8	3	5
2871	8	3	5
2872	8	3	5
2873	8	3	5
2874	8	3	5
2875	8	3	5
2876	8	3	5
2877	8	3	5
2878	9	3	6
2879	9	3	6
2880	9	3	6
2881	9	3	6
2882	9	3	6
2883	9	3	6
2884	9	3	6
2885	9	3	6
2886	9	3	6
2887	9	3	6
2888	9	3	6
2889	9	3	6
2890	9	3	6
2891	9	3	6
2892	9	3	6
2893	9	3	6
2894	9	3	6
2895	9	3	6
2896	9	3	6
2897	9	3	6
2898	9	3	6
2899	9	3	6
2900	9	3	6
2901	9	3	6
2902	9	3	6
2903	9	3	6
2904	9	3	6
2905	9	3	6
2906	9	3	6
2907	9	3	6
2908	9	3	6
2909	9	3	6
2910	9	3	6
2911	9	3	6
2912	9	3	6
2913	9	3	6
2914	9	3	6
2915	9	3	6
2916	9	3	6
2917	9	3	6
2918	9	3	6
2919	9	3	6
2920	9	3	6
2921	9	3	6
2922	9	3	6
2923	9	3	6
2924	9	3	6
2925	9	3	6
2926	9	3	6
2927	9	3	6
2928	9	3	6
2929	9	3	6
2930	9	3	6
2931	9	3	6
2932	9	3	6
2933	9	3	6
2934	9	3	6
2935	9	3	6
2936	9	3	6
2937	9	3	6
2938	9	3	6
2939	9	3	6
2940	9	3	6
2941	9	3	6
2942	9	3	6
2943	9	3	6
2944	9	3	6
2945	9	3	6
2946	9	3	6
2947	9	3	6
2948	9	3	6
2949	9	3	6
2950	9	3	6
2951	9	3	6
2952	9	3	6
2953	9	3	6
2954	9	3	6
2955	9	3	6
2956	9	3	6
2957	9	3	6
2958	9	3	6
2959	9	3	6
2960	9	3	6
2961	9	3	6
2962	9	3	6
2963	9	3	6
2964	9	3	6
2965	9	3	6
2966	9	3	6
2967	9	3	6
2968	9	3	6
2969	9	3	6
2970	9	3	6
2971	9	3	6
2972	9	3	6
2973	9	3	6
2974	9	3	6
2975	9	3	6
2976	9	3	6
2977	9	3	6
2978	9	3	6
2979	9	3	6
2980	9	3	6
2981	9	3	6
2982	9	3	6
2983	9	3	6
2984	9	3	6
2985	9	3	6
2986	9	3	6
2987	9	3	6
2988	9	3	6
2989	9	3	6
2990	9	3	6
2991	9	3	6
2992	9	3	6
2993	9	3	6
2994	9	3	6
2995	9	3	6
2996	9	3	6
2997	9	3	6
2998	9	3	6
2999	9	3	6
3000	9	3	6
3001	9	3	6
3002	9	3	6
3003	9	3	6
3004	9	3	6
3005	9	3	6
3006	9	3	6
3007	9	3	6
3008	9	3	6
3009	9	3	6
3010	9	3	6
3011	9	3	6
3012	9	3	6
3013	9	3	6
3014	9	3	6
3015	9	3	6
3016	9	3	6
3017	9	3	6
3018	9	3	6
3019	9	3	6
3020	9	3	6
3021	9	3	6
3022	9	3	6
3023	9	3	6
3024	9	3	6
3025	9	3	6
3026	9	3	6
3027	9	3	6
3028	9	3	6
3029	9	3	6
3030	9	3	6
3031	9	3	6
3032	9	3	6
3033	9	3	6
3034	9	3	6
3035	9	3	6
3036	9	3	6
3037	9	3	6
3038	9	3	6
3039	9	3	6
3040	9	3	6
3041	9	3	6
3042	9	3	6
3043	9	3	6
3044	9	3	6
3045	9	3	6
3046	9	3	6
3047	9	3	6
3048	9	3	6
3049	9	3	6
3050	9	3	6
3051	9	3	6
3052	9	3	6
3053	9	3	6
3054	9	3	6
3055	9	3	6
3056	9	3	6
3057	9	3	6
3058	9	3	6
3059	9	3	6
3060	9	3	6
3061	9	3	6
3062	9	3	6
3063	9	3	6
3064	9	3	6
3065	9	3	6
3066	9	3	6
3067	9	3	6
3068	9	3	6
3069	9	3	6
3070	9	3	6
3071	9	3	6
3072	9	3	6
3073	9	3	6
3074	9	3	6
3075	9	3	6
3076	9	3	6
3077	9	3	6
3078	9	3	6
3079	9	3	6
3080	9	3	6
3081	9	3	6
3082	9	3	6
3083	9	3	6
3084	9	3	6
3085	9	3	6
3086	9	3	6
3087	9	3	6
3088	9	3	6
3089	9	3	6
3090	9	3	6
3091	9	3	6
3092	9	3	6
3093	9	3	6
3094	9	3	6
3095	9	3	6
3096	9	3	6
3097	9	3	6
3098	9	3	6
3099	9	3	6
3100	9	3	6
3101	9	3	6
3102	9	3	6
3103	9	3	6
3104	9	3	6
3105	9	3	6
3106	9	3	6
3107	9	3	6
3108	9	3	6
3109	9	3	6
3110	9	3	6
3111	9	3	6
3112	9	3	6
3113	9	3	6
3114	9	3	6
3115	9	3	6
3116	9	3	6
3117	9	3	6
3118	9	3	6
3119	9	3	6
3120	9	3	6
3121	9	3	6
3122	9	3	6
3123	9	3	6
3124	9	3	6
3125	9	3	6
3126	9	3	6
3127	9	3	6
3128	9	3	6
3129	9	3	6
3130	9	3	6
3131	9	3	6
3132	9	3	6
3133	9	3	6
3134	9	3	6
3135	9	3	6
3136	9	3	6
3137	9	3	6
3138	9	3	6
3139	9	3	6
3140	9	3	6
3141	9	3	6
3142	9	3	6
3143	9	3	6
3144	9	3	6
3145	9	3	6
3146	9	3	6
3147	9	3	6
3148	9	3	6
3149	9	3	6
3150	9	3	6
3151	9	3	6
3152	9	3	6
3153	9	3	6
3154	9	3	6
3155	9	3	6
3156	9	3	6
3157	9	3	6
3158	9	3	6
3159	9	3	6
3160	9	3	6
3161	9	3	6
3162	9	3	6
3163	9	3	6
3164	9	3	6
3165	9	3	6
3166	9	3	6
3167	9	3	6
3168	9	3	6
3169	9	3	6
3170	9	3	6
3171	9	3	6
3172	9	3	6
3173	9	3	6
3174	9	3	6
3175	9	3	6
3176	9	3	6
3177	9	3	6
3178	9	3	6
3179	9	3	6
3180	9	3	6
3181	9	3	6
3182	9	3	6
3183	9	3	6
3184	9	3	6
3185	9	3	6
3186	9	3	6
3187	9	3	6
3188	9	3	6
3189	9	3	6
3190	9	3	6
3191	9	3	6
3192	9	3	6
3193	9	3	6
3194	9	3	6
3195	9	3	6
3196	9	3	6
3197	9	3	6
3198	9	3	6
3199	9	3	6
3200	9	3	6
3201	9	3	6
3202	9	3	6
3203	9	3	6
3204	9	3	6
3205	9	3	6
3206	9	3	6
3207	9	3	6
3208	9	3	6
3209	9	3	6
3210	9	3	6
3211	9	3	6
3212	9	3	6
3213	9	3	6
3214	9	3	6
3215	9	3	6
3216	9	3	6
3217	9	3	6
3218	9	3	6
3219	9	3	6
3220	9	3	6
3221	9	3	6
3222	9	3	6
3223	9	3	6
3224	9	3	6
3225	9	3	6
3226	9	3	6
3227	9	3	6
3228	9	3	6
3229	9	3	6
3230	9	3	6
3231	9	3	6
3232	9	3	6
3233	9	3	6
3234	9	3	6
3235	9	3	6
3236	9	3	6
3237	9	3	6
3238	9	3	6
3239	9	3	6
3240	9	3	6
3241	9	3	6
3242	9	3	6
3243	9	3	6
3244	9	3	6
3245	9	3	6
3246	9	3	6
3247	9	3	6
3248	9	3	6
3249	9	3	6
3250	9	3	6
3251	9	3	6
3252	9	3	6
3253	9	3	6
3254	9	3	6
3255	9	3	6
3256	9	3	6
3257	9	3	6
3258	9	3	6
3259	9	3	6
3260	9	3	6
3261	9	3	6
3262	9	3	6
3263	9	3	6
3264	9	3	6
3265	9	3	6
3266	9	3	6
3267	9	3	6
3268	9	3	6
3269	9	3	6
3270	9	3	6
3271	9	3	6
3272	9	3	6
3273	9	3	6
3274	9	3	6
3275	9	3	6
3276	9	3	6
3277	9	3	6
3278	9	3	6
3279	9	3	6
3280	9	3	6
3281	9	3	6
3282	9	3	6
3283	9	3	6
3284	9	3	6
3285	9	3	6
3286	9	3	6
3287	9	3	6
3288	9	3	6
3289	9	3	6
3290	9	3	6
3291	9	3	6
3292	9	3	6
3293	9	3	6
3294	9	3	6
3295	9	3	6
3296	9	3	6
3297	9	3	6
3298	9	3	6
3299	9	3	6
3300	9	3	6
3301	9	3	6
3302	9	3	6
3303	9	3	6
3304	9	3	6
3305	9	3	6
3306	9	3	6
3307	9	3	6
3308	9	3	6
3309	9	3	6
3310	9	3	6
3311	9	3	6
3312	9	3	6
3313	9	3	6
3314	9	3	6
3315	9	3	6
3316	9	3	6
3317	9	3	6
3318	9	3	6
3319	9	3	6
3320	9	3	6
3321	9	3	6
3322	9	3	6
3323	9	3	6
3324	9	3	6
3325	9	3	6
3326	9	3	6
3327	9	3	6
3328	9	3	6
3329	9	3	6
3330	9	3	6
3331	9	3	6
3332	9	3	6
3333	9	3	6
3334	9	3	6
3335	9	3	6
3336	9	3	6
3337	9	3	6
3338	9	3	6
3339	9	3	6
3340	9	3	6
3341	9	3	6
3342	9	3	6
3343	9	3	6
3344	9	3	6
3345	9	3	6
3346	9	3	6
3347	9	3	6
3348	9	3	6
3349	9	3	6
3350	9	3	6
3351	9	3	6
3352	9	3	6
3353	9	3	6
3354	9	3	6
3355	9	3	6
3356	9	3	6
3357	9	3	6
3358	9	3	6
3359	9	3	6
3360	9	3	6
3361	9	3	6
3362	9	3	6
3363	9	3	6
3364	9	3	6
3365	9	3	6
3366	9	3	6
3367	9	3	6
3368	9	3	6
3369	9	3	6
3370	9	3	6
3371	9	3	6
3372	9	3	6
3373	9	3	6
3374	9	3	6
3375	9	3	6
3376	9	3	6
3377	9	3	6
3378	9	3	6
3379	9	3	6
3380	9	3	6
3381	9	3	6
3382	9	3	6
3383	9	3	6
3384	9	3	6
3385	9	3	6
3386	9	3	6
3387	9	3	6
3388	9	3	6
3389	9	3	6
3390	9	3	6
3391	9	3	6
3392	9	3	6
3393	9	3	6
3394	9	3	6
3395	9	3	6
3396	9	3	6
3397	9	3	6
3398	9	3	6
3399	9	3	6
3400	9	3	6
3401	9	3	6
3402	9	3	6
3403	9	3	6
3404	9	3	6
3405	9	3	6
3406	9	3	6
3407	9	3	6
3408	9	3	6
3409	9	3	6
3410	9	3	6
3411	9	3	6
3412	9	3	6
3413	9	3	6
3414	9	3	6
3415	9	3	6
3416	9	3	6
3417	9	3	6
3418	9	3	6
3419	9	3	6
3420	9	3	6
3421	9	3	6
3422	9	3	6
3423	9	3	6
3424	9	3	6
3425	9	3	6
3426	9	3	6
3427	9	3	6
3428	9	3	6
3429	9	3	6
3430	9	3	6
3431	9	3	6
3432	9	3	6
3433	9	3	6
3434	9	3	6
3435	9	3	6
3436	9	3	6
3437	9	3	6
3438	9	3	6
3439	9	3	6
3440	9	3	6
3441	9	3	6
3442	9	3	6
3443	9	3	6
3444	9	3	6
3445	9	3	6
3446	9	3	6
3447	9	3	6
3448	9	3	6
3449	9	3	6
3450	9	3	6
3451	9	3	6
3452	9	3	6
3453	9	3	6
3454	9	3	6
3455	9	3	6
3456	9	3	6
3457	9	3	6
3458	9	3	6
3459	9	3	6
3460	9	3	6
3461	9	3	6
3462	9	3	6
3463	9	3	6
3464	9	3	6
3465	9	3	6
3466	9	3	6
3467	9	3	6
3468	9	3	6
3469	9	3	6
3470	9	3	6
3471	9	3	6
3472	9	3	6
3473	9	3	6
3474	9	3	6
3475	9	3	6
3476	9	3	6
3477	9	3	6
3478	9	3	6
3479	9	3	6
3480	9	3	6
3481	9	3	6
3482	9	3	6
3483	9	3	6
3484	9	3	6
3485	9	3	6
3486	9	3	6
3487	9	3	6
3488	9	3	6
3489	9	3	6
3490	9	3	6
3491	9	3	6
3492	9	3	6
3493	9	3	6
3494	9	3	6
3495	9	3	6
3496	9	3	6
3497	9	3	6
3498	9	3	6
3499	9	3	6
3500	9	3	6
3501	9	3	6
3502	9	3	6
3503	9	3	6
3504	9	3	6
3505	9	3	6
3506	9	3	6
3507	9	3	6
3508	9	3	6
3509	9	3	6
3510	9	3	6
3511	9	3	6
3512	9	3	6
3513	9	3	6
3514	9	3	6
3515	9	3	6
3516	9	3	6
3517	9	3	6
3518	9	3	6
3519	9	3	6
3520	9	3	6
3521	9	3	6
3522	9	3	6
3523	9	3	6
3524	9	3	6
3525	9	3	6
3526	9	3	6
3527	9	3	6
3528	9	3	6
3529	9	3	6
3530	9	3	6
3531	9	3	6
3532	9	3	6
3533	9	3	6
3534	9	3	6
3535	9	3	6
3536	9	3	6
3537	9	3	6
3538	9	3	6
3539	9	3	6
3540	9	3	6
3541	9	3	6
3542	9	3	6
3543	9	3	6
3544	9	3	6
3545	9	3	6
3546	9	3	6
3547	9	3	6
3548	9	3	6
3549	9	3	6
3550	9	3	6
3551	9	3	6
3552	9	3	6
3553	9	3	6
3554	9	3	6
3555	9	3	6
3556	9	3	6
3557	9	3	6
3558	9	3	6
3559	9	3	6
3560	9	3	6
3561	9	3	6
3562	9	3	6
3563	9	3	6
3564	9	3	6
3565	9	3	6
3566	9	3	6
3567	9	3	6
3568	9	3	6
3569	9	3	6
3570	9	3	6
3571	9	3	6
3572	9	3	6
3573	9	3	6
3574	9	3	6
3575	9	3	6
3576	9	3	6
3577	9	3	6
3578	9	3	6
3579	9	3	6
3580	9	3	6
3581	9	3	6
3582	9	3	6
3583	9	3	6
3584	9	3	6
3585	9	3	6
3586	9	3	6
3587	9	3	6
3588	9	3	6
3589	9	3	6
3590	9	3	6
3591	9	3	6
3592	9	3	6
3593	9	3	6
3594	9	3	6
3595	9	3	6
3596	9	3	6
3597	9	3	6
3598	9	3	6
3599	9	3	6
3600	9	3	6
3601	9	3	6
3602	9	3	6
3603	9	3	6
3604	9	3	6
3605	9	3	6
3606	9	3	6
3607	9	3	6
3608	9	3	6
3609	9	3	6
3610	9	3	6
3611	9	3	6
3612	9	3	6
3613	9	3	6
3614	9	3	6
3615	9	3	6
3616	9	3	6
3617	9	3	6
3618	9	3	6
3619	9	3	6
3620	9	3	6
3621	9	3	6
3622	9	3	6
3623	9	3	6
3624	9	3	6
3625	9	3	6
3626	9	3	6
3627	9	3	6
3628	9	3	6
3629	9	3	6
3630	9	3	6
3631	9	3	6
3632	9	3	6
3633	9	3	6
3634	9	3	6
3635	9	3	6
3636	9	3	6
3637	9	3	6
3638	9	3	6
3639	9	3	6
3640	9	3	6
3641	9	3	6
3642	9	3	6
3643	9	3	6
3644	9	3	6
3645	9	3	6
3646	9	3	6
3647	9	3	6
3648	9	3	6
3649	9	3	6
3650	9	3	6
3651	9	3	6
3652	9	3	6
3653	9	3	6
3654	9	3	6
3655	9	3	6
3656	9	3	6
3657	9	3	6
3658	9	3	6
3659	9	3	6
3660	9	3	6
3661	9	3	6
3662	9	3	6
3663	9	3	6
3664	9	3	6
3665	9	3	6
3666	9	3	6
3667	9	3	6
3668	9	3	6
3669	9	3	6
3670	9	3	6
3671	9	3	6
3672	9	3	6
3673	9	3	6
3674	9	3	6
3675	9	3	6
3676	9	3	6
3677	9	3	6
3678	9	3	6
3679	9	3	6
3680	9	3	6
3681	9	3	6
3682	9	3	6
3683	9	3	6
3684	9	3	6
3685	9	3	6
3686	9	3	6
3687	9	3	6
3688	9	3	6
3689	9	3	6
3690	9	3	6
3691	9	3	6
3692	9	3	6
3693	9	3	6
3694	9	3	6
3695	9	3	6
3696	9	3	6
3697	9	3	6
3698	9	3	6
3699	9	3	6
3700	9	3	6
3701	9	3	6
3702	9	3	6
3703	9	3	6
3704	9	3	6
3705	9	3	6
3706	9	3	6
3707	9	3	6
3708	9	3	6
3709	9	3	6
3710	9	3	6
3711	9	3	6
3712	9	3	6
3713	9	3	6
3714	9	3	6
3715	9	3	6
3716	9	3	6
3717	9	3	6
3718	9	3	6
3719	9	3	6
3720	9	3	6
3721	9	3	6
3722	9	3	6
3723	9	3	6
3724	9	3	6
3725	9	3	6
3726	9	3	6
3727	9	3	6
3728	9	3	6
3729	9	3	6
3730	9	3	6
3731	9	3	6
3732	9	3	6
3733	9	3	6
3734	9	3	6
3735	9	3	6
3736	9	3	6
3737	9	3	6
3738	9	3	6
3739	9	3	6
3740	9	3	6
3741	9	3	6
3742	9	3	6
3743	9	3	6
3744	9	3	6
3745	9	3	6
3746	9	3	6
3747	9	3	6
3748	9	3	6
3749	9	3	6
3750	9	3	6
3751	9	3	6
3752	9	3	6
3753	9	3	6
3754	9	3	6
3755	9	3	6
3756	9	3	6
3757	9	3	6
3758	9	3	6
3759	9	3	6
3760	9	3	6
3761	9	3	6
3762	9	3	6
3763	9	3	6
3764	9	3	6
3765	9	3	6
3766	9	3	6
3767	9	3	6
3768	9	3	6
3769	9	3	6
3770	9	3	6
3771	9	3	6
3772	9	3	6
3773	9	3	6
3774	9	3	6
3775	9	3	6
3776	9	3	6
3777	9	3	6
3778	9	3	6
3779	9	3	6
3780	9	3	6
3781	9	3	6
3782	9	3	6
3783	9	3	6
3784	9	3	6
3785	9	3	6
3786	9	3	6
3787	9	3	6
3788	9	3	6
3789	9	3	6
3790	9	3	6
3791	9	3	6
3792	9	3	6
3793	9	3	6
3794	9	3	6
3795	9	3	6
3796	9	3	6
3797	9	3	6
3798	9	3	6
3799	9	3	6
3800	9	3	6
3801	9	3	6
3802	9	3	6
3803	9	3	6
3804	9	3	6
3805	9	3	6
3806	9	3	6
3807	9	3	6
3808	9	3	6
3809	9	3	6
3810	9	3	6
3811	9	3	6
3812	9	3	6
3813	9	3	6
3814	9	3	6
3815	9	3	6
3816	9	3	6
3817	9	3	6
3818	9	3	6
3819	9	3	6
3820	9	3	6
3821	9	3	6
3822	9	3	6
3823	9	3	6
3824	9	3	6
3825	9	3	6
3826	9	3	6
3827	9	3	6
3828	9	3	6
3829	9	3	6
3830	9	3	6
3831	9	3	6
3832	9	3	6
3833	9	3	6
3834	9	3	6
3835	9	3	6
3836	9	3	6
3837	9	3	6
3838	9	3	6
3839	9	3	6
3840	9	3	6
3841	9	3	6
3842	9	3	6
3843	9	3	6
3844	9	3	6
3845	9	3	6
3846	9	3	6
3847	9	3	6
3848	9	3	6
3849	9	3	6
3850	9	3	6
3851	9	3	6
3852	9	3	6
3853	9	3	6
3854	9	3	6
3855	9	3	6
3856	9	3	6
3857	9	3	6
3858	9	3	6
3859	9	3	6
3860	9	3	6
3861	9	3	6
3862	9	3	6
3863	9	3	6
3864	9	3	6
3865	9	3	6
3866	9	3	6
3867	9	3	6
3868	9	3	6
3869	9	3	6
3870	9	3	6
3871	9	3	6
3872	9	3	6
3873	9	3	6
3874	9	3	6
3875	9	3	6
3876	9	3	6
3877	9	3	6
3878	9	3	6
3879	9	3	6
3880	9	3	6
3881	9	3	6
3882	9	3	6
3883	9	3	6
3884	9	3	6
3885	9	3	6
3886	9	3	6
3887	9	3	6
3888	9	3	6
3889	9	3	6
3890	9	3	6
3891	9	3	6
3892	9	3	6
3893	9	3	6
3894	9	3	6
3895	9	3	6
3896	9	3	6
3897	9	3	6
3898	9	3	6
3899	9	3	6
3900	9	3	6
3901	9	3	6
3902	9	3	6
3903	9	3	6
3904	9	3	6
3905	9	3	6
3906	9	3	6
3907	9	3	6
3908	9	3	6
3909	9	3	6
3910	9	3	6
3911	9	3	6
3912	9	3	6
3913	9	3	6
3914	9	3	6
3915	9	3	6
3916	9	3	6
3917	9	3	6
3918	9	3	6
3919	9	3	6
3920	9	3	6
3921	9	3	6
3922	9	3	6
3923	9	3	6
3924	9	3	6
3925	9	3	6
3926	9	3	6
3927	9	3	6
3928	9	3	6
3929	9	3	6
3930	9	3	6
3931	9	3	6
3932	9	3	6
3933	9	3	6
3934	9	3	6
3935	9	3	6
3936	9	3	6
3937	9	3	6
3938	9	3	6
3939	9	3	6
3940	9	3	6
3941	9	3	6
3942	9	3	6
3943	9	3	6
3944	9	3	6
3945	9	3	6
3946	9	3	6
3947	9	3	6
3948	9	3	6
3949	10	3	7
3950	10	3	7
3951	10	3	7
3952	10	3	7
3953	10	3	7
3954	10	3	7
3955	10	3	7
3956	10	3	7
3957	10	3	7
3958	10	3	7
3959	10	3	7
3960	10	3	7
3961	10	3	7
3962	10	3	7
3963	10	3	7
3964	10	3	7
3965	10	3	7
3966	10	3	7
3967	10	3	7
3968	10	3	7
3969	10	3	7
3970	10	3	7
3971	10	3	7
3972	10	3	7
3973	10	3	7
3974	10	3	7
3975	10	3	7
3976	10	3	7
3977	10	3	7
3978	10	3	7
3979	10	3	7
3980	10	3	7
3981	10	3	7
3982	10	3	7
3983	10	3	7
3984	10	3	7
3985	10	3	7
3986	10	3	7
3987	10	3	7
3988	10	3	7
3989	10	3	7
3990	10	3	7
3991	10	3	7
3992	10	3	7
3993	10	3	7
3994	10	3	7
3995	10	3	7
3996	10	3	7
3997	10	3	7
3998	10	3	7
3999	10	3	7
4000	10	3	7
4001	10	3	7
4002	10	3	7
4003	10	3	7
4004	10	3	7
4005	10	3	7
4006	10	3	7
4007	10	3	7
4008	10	3	7
4009	10	3	7
4010	10	3	7
4011	10	3	7
4012	10	3	7
4013	10	3	7
4014	10	3	7
4015	10	3	7
4016	10	3	7
4017	10	3	7
4018	10	3	7
4019	10	3	7
4020	10	3	7
4021	10	3	7
4022	10	3	7
4023	10	3	7
4024	10	3	7
4025	10	3	7
4026	10	3	7
4027	10	3	7
4028	10	3	7
4029	10	3	7
4030	10	3	7
4031	10	3	7
4032	10	3	7
4033	10	3	7
4034	10	3	7
4035	10	3	7
4036	10	3	7
4037	10	3	7
4038	10	3	7
4039	10	3	7
4040	10	3	7
4041	10	3	7
4042	10	3	7
4043	10	3	7
4044	10	3	7
4045	10	3	7
4046	10	3	7
4047	10	3	7
4048	10	3	7
4049	10	3	7
4050	10	3	7
4051	10	3	7
4052	10	3	7
4053	10	3	7
4054	10	3	7
4055	10	3	7
4056	10	3	7
4057	10	3	7
4058	10	3	7
4059	10	3	7
4060	10	3	7
4061	10	3	7
4062	10	3	7
4063	10	3	7
4064	10	3	7
4065	10	3	7
4066	10	3	7
4067	10	3	7
4068	10	3	7
4069	10	3	7
4070	10	3	7
4071	10	3	7
4072	10	3	7
4073	10	3	7
4074	10	3	7
4075	10	3	7
4076	10	3	7
4077	10	3	7
4078	10	3	7
4079	10	3	7
4080	10	3	7
4081	10	3	7
4082	10	3	7
4083	10	3	7
4084	10	3	7
4085	10	3	7
4086	10	3	7
4087	10	3	7
4088	10	3	7
4089	10	3	7
4090	10	3	7
4091	10	3	7
4092	10	3	7
4093	10	3	7
4094	10	3	7
4095	10	3	7
4096	10	3	7
4097	10	3	7
4098	10	3	7
4099	10	3	7
4100	10	3	7
4101	10	3	7
4102	10	3	7
4103	10	3	7
4104	10	3	7
4105	10	3	7
4106	10	3	7
4107	10	3	7
4108	10	3	7
4109	10	3	7
4110	10	3	7
4111	10	3	7
4112	10	3	7
4113	10	3	7
4114	10	3	7
4115	10	3	7
4116	10	3	7
4117	10	3	7
4118	10	3	7
4119	10	3	7
4120	10	3	7
4121	10	3	7
4122	10	3	7
4123	10	3	7
4124	10	3	7
4125	10	3	7
4126	10	3	7
4127	10	3	7
4128	10	3	7
4129	10	3	7
4130	10	3	7
4131	10	3	7
4132	10	3	7
4133	10	3	7
4134	10	3	7
4135	10	3	7
4136	10	3	7
4137	10	3	7
4138	10	3	7
4139	10	3	7
4140	10	3	7
4141	10	3	7
4142	10	3	7
4143	10	3	7
4144	10	3	7
4145	10	3	7
4146	10	3	7
4147	10	3	7
4148	10	3	7
4149	10	3	7
4150	10	3	7
4151	10	3	7
4152	10	3	7
4153	10	3	7
4154	10	3	7
4155	10	3	7
4156	10	3	7
4157	10	3	7
4158	10	3	7
4159	10	3	7
4160	10	3	7
4161	10	3	7
4162	10	3	7
4163	10	3	7
4164	10	3	7
4165	10	3	7
4166	10	3	7
4167	10	3	7
4168	10	3	7
4169	10	3	7
4170	10	3	7
4171	10	3	7
4172	10	3	7
4173	10	3	7
4174	10	3	7
4175	10	3	7
4176	10	3	7
4177	10	3	7
4178	10	3	7
4179	10	3	7
4180	10	3	7
4181	10	3	7
4182	10	3	7
4183	10	3	7
4184	10	3	7
4185	10	3	7
4186	10	3	7
4187	10	3	7
4188	10	3	7
4189	10	3	7
4190	10	3	7
4191	10	3	7
4192	10	3	7
4193	10	3	7
4194	10	3	7
4195	10	3	7
4196	10	3	7
4197	10	3	7
4198	10	3	7
4199	10	3	7
4200	10	3	7
4201	10	3	7
4202	10	3	7
4203	10	3	7
4204	10	3	7
4205	10	3	7
4206	10	3	7
4207	10	3	7
4208	10	3	7
4209	10	3	7
4210	10	3	7
4211	10	3	7
4212	10	3	7
4213	10	3	7
4214	10	3	7
4215	10	3	7
4216	10	3	7
4217	10	3	7
4218	10	3	7
4219	10	3	7
4220	10	3	7
4221	10	3	7
4222	10	3	7
4223	10	3	7
4224	10	3	7
4225	10	3	7
4226	10	3	7
4227	10	3	7
4228	10	3	7
4229	10	3	7
4230	10	3	7
4231	10	3	7
4232	10	3	7
4233	10	3	7
4234	10	3	7
4235	10	3	7
4236	10	3	7
4237	10	3	7
4238	10	3	7
4239	10	3	7
4240	10	3	7
4241	10	3	7
4242	10	3	7
4243	10	3	7
4244	10	3	7
4245	10	3	7
4246	10	3	7
4247	10	3	7
4248	10	3	7
4249	10	3	7
4250	10	3	7
4251	10	3	7
4252	10	3	7
4253	10	3	7
4254	10	3	7
4255	10	3	7
4256	10	3	7
4257	10	3	7
4258	10	3	7
4259	10	3	7
4260	10	3	7
4261	10	3	7
4262	10	3	7
4263	10	3	7
4264	10	3	7
4265	10	3	7
4266	10	3	7
4267	10	3	7
4268	10	3	7
4269	10	3	7
4270	10	3	7
4271	10	3	7
4272	10	3	7
4273	10	3	7
4274	10	3	7
4275	10	3	7
4276	10	3	7
4277	10	3	7
4278	10	3	7
4279	10	3	7
4280	10	3	7
4281	10	3	7
4282	10	3	7
4283	10	3	7
4284	10	3	7
4285	10	3	7
4286	10	3	7
4287	10	3	7
4288	10	3	7
4289	10	3	7
4290	10	3	7
4291	10	3	7
4292	10	3	7
4293	10	3	7
4294	10	3	7
4295	10	3	7
4296	10	3	7
4297	10	3	7
4298	10	3	7
4299	10	3	7
4300	10	3	7
4301	10	3	7
4302	10	3	7
4303	10	3	7
4304	10	3	7
4305	10	3	7
4306	10	3	7
4307	10	3	7
4308	10	3	7
4309	10	3	7
4310	10	3	7
4311	10	3	7
4312	10	3	7
4313	10	3	7
4314	10	3	7
4315	10	3	7
4316	10	3	7
4317	10	3	7
4318	10	3	7
4319	10	3	7
4320	10	3	7
4321	10	3	7
4322	10	3	7
4323	10	3	7
4324	10	3	7
4325	10	3	7
4326	10	3	7
4327	10	3	7
4328	10	3	7
4329	10	3	7
4330	10	3	7
4331	10	3	7
4332	10	3	7
4333	10	3	7
4334	10	3	7
4335	10	3	7
4336	10	3	7
4337	10	3	7
4338	10	3	7
4339	10	3	7
4340	10	3	7
4341	10	3	7
4342	10	3	7
4343	10	3	7
4344	10	3	7
4345	10	3	7
4346	10	3	7
4347	10	3	7
4348	10	3	7
4349	10	3	7
4350	10	3	7
4351	10	3	7
4352	10	3	7
4353	10	3	7
4354	10	3	7
4355	10	3	7
4356	10	3	7
4357	10	3	7
4358	10	3	7
4359	10	3	7
4360	10	3	7
4361	10	3	7
4362	10	3	7
4363	10	3	7
4364	10	3	7
4365	10	3	7
4366	10	3	7
4367	10	3	7
4368	10	3	7
4369	10	3	7
4370	10	3	7
4371	10	3	7
4372	10	3	7
4373	10	3	7
4374	10	3	7
4375	10	3	7
4376	10	3	7
4377	10	3	7
4378	10	3	7
4379	10	3	7
4380	10	3	7
4381	10	3	7
4382	10	3	7
4383	10	3	7
4384	10	3	7
4385	10	3	7
4386	10	3	7
4387	10	3	7
4388	10	3	7
4389	10	3	7
4390	10	3	7
4391	10	3	7
4392	10	3	7
4393	10	3	7
4394	10	3	7
4395	10	3	7
4396	10	3	7
4397	10	3	7
4398	10	3	7
4399	10	3	7
4400	10	3	7
4401	10	3	7
4402	10	3	7
4403	10	3	7
4404	10	3	7
4405	10	3	7
4406	10	3	7
4407	10	3	7
4408	10	3	7
4409	10	3	7
4410	10	3	7
4411	10	3	7
4412	10	3	7
4413	10	3	7
4414	10	3	7
4415	10	3	7
4416	10	3	7
4417	10	3	7
4418	10	3	7
4419	10	3	7
4420	10	3	7
4421	10	3	7
4422	10	3	7
4423	10	3	7
4424	10	3	7
