#Clock	Robots	Obstacles	Score
1	0	0	0
2	0	0	0
3	0	0	0
4	0	0	0
5	0	0	0
6	0	0	0
7	0	0	0
8	0	0	0
9	0	0	0
10	0	0	0
11	0	0	0
12	0	0	0
13	0	0	0
14	0	0	0
15	0	0	0
16	0	0	0
17	0	0	0
18	0	0	0
19	0	0	0
20	0	0	0
21	0	0	0
22	0	0	0
23	0	0	0
24	0	0	0
25	0	0	0
26	0	0	0
27	0	0	0
28	0	0	0
29	0	0	0
30	0	0	0
31	0	0	0
32	0	0	0
33	0	0	0
34	0	0	0
35	0	0	0
36	0	0	0
37	0	0	0
38	0	0	0
39	0	0	0
40	0	0	0
41	0	0	0
42	0	0	0
43	0	0	0
44	0	0	0
45	0	0	0
46	0	0	0
47	0	0	0
48	0	0	0
49	0	0	0
50	0	0	0
51	0	0	0
52	0	0	0
53	0	0	0
54	0	0	0
55	0	0	0
56	0	0	0
57	0	0	0
58	0	0	0
59	0	0	0
60	0	0	0
61	0	0	0
62	0	0	0
63	0	0	0
64	0	0	0
65	0	0	0
66	0	0	0
67	0	0	0
68	0	0	0
69	0	0	0
70	0	0	0
71	0	0	0
72	0	0	0
73	0	0	0
74	0	0	0
75	0	0	0
76	0	0	0
77	0	0	0
78	0	0	0
79	0	0	0
80	0	0	0
81	0	0	0
82	0	0	0
83	0	0	0
84	0	0	0
85	0	0	0
86	0	0	0
87	0	0	0
88	0	0	0
89	0	0	0
90	0	0	0
91	0	0	0
92	0	0	0
93	0	0	0
94	0	0	0
95	0	0	0
96	0	0	0
97	0	0	0
98	0	0	0
99	0	0	0
100	0	0	0
101	0	0	0
102	0	0	0
103	0	0	0
104	0	0	0
105	0	0	0
106	0	0	0
107	0	0	0
108	0	0	0
109	0	0	0
110	0	0	0
111	0	0	0
112	0	0	0
113	0	0	0
114	0	0	0
115	0	0	0
116	0	0	0
117	0	0	0
118	0	0	0
119	0	0	0
120	0	0	0
121	0	0	0
122	0	0	0
123	0	0	0
124	0	0	0
125	0	0	0
126	0	0	0
127	0	0	0
128	0	0	0
129	0	0	0
130	0	0	0
131	0	0	0
132	0	0	0
133	0	0	0
134	0	0	0
135	0	0	0
136	0	0	0
137	0	0	0
138	0	0	0
139	0	0	0
140	0	0	0
141	0	0	0
142	0	0	0
143	0	0	0
144	0	0	0
145	0	0	0
146	0	0	0
147	0	0	0
148	0	0	0
149	0	0	0
150	0	0	0
151	0	0	0
152	0	0	0
153	0	0	0
154	0	0	0
155	0	0	0
156	0	0	0
157	0	0	0
158	0	0	0
159	0	0	0
160	0	0	0
161	0	0	0
162	0	0	0
163	0	0	0
164	0	0	0
165	0	0	0
166	0	0	0
167	0	0	0
168	0	0	0
169	0	0	0
170	0	0	0
171	0	0	0
172	0	0	0
173	0	0	0
174	0	0	0
175	0	0	0
176	0	0	0
177	0	0	0
178	0	0	0
179	0	0	0
180	0	0	0
181	0	0	0
182	0	0	0
183	0	0	0
184	0	0	0
185	0	0	0
186	0	0	0
187	0	0	0
188	0	0	0
189	0	0	0
190	0	0	0
191	0	0	0
192	0	0	0
193	0	0	0
194	0	0	0
195	0	0	0
196	0	0	0
197	0	0	0
198	0	0	0
199	0	0	0
200	0	0	0
201	0	0	0
202	0	0	0
203	0	0	0
204	0	0	0
205	0	0	0
206	0	0	0
207	0	0	0
208	0	0	0
209	0	0	0
210	0	0	0
211	0	0	0
212	0	0	0
213	0	0	0
214	0	0	0
215	0	0	0
216	0	0	0
217	0	0	0
218	0	0	0
219	0	0	0
220	0	0	0
221	0	0	0
222	0	0	0
223	0	0	0
224	0	0	0
225	0	0	0
226	0	0	0
227	0	0	0
228	0	0	0
229	0	0	0
230	0	0	0
231	0	0	0
232	0	0	0
233	0	0	0
234	0	0	0
235	0	0	0
236	0	0	0
237	0	0	0
238	0	0	0
239	0	0	0
240	0	0	0
241	0	0	0
242	0	0	0
243	0	0	0
244	0	0	0
245	0	0	0
246	0	0	0
247	0	0	0
248	0	0	0
249	0	0	0
250	0	0	0
251	0	0	0
252	0	0	0
253	0	0	0
254	0	0	0
255	0	0	0
256	0	0	0
257	0	0	0
258	0	0	0
259	0	0	0
260	0	0	0
261	0	0	0
262	0	0	0
263	0	0	0
264	0	0	0
265	0	0	0
266	0	0	0
267	0	0	0
268	0	0	0
269	0	0	0
270	0	0	0
271	0	0	0
272	0	0	0
273	0	0	0
274	0	0	0
275	0	0	0
276	0	0	0
277	0	0	0
278	0	0	0
279	0	0	0
280	0	0	0
281	0	0	0
282	0	0	0
283	0	0	0
284	0	0	0
285	0	0	0
286	0	0	0
287	0	0	0
288	0	0	0
289	0	0	0
290	0	0	0
291	0	0	0
292	0	0	0
293	0	0	0
294	0	0	0
295	0	0	0
296	0	0	0
297	0	0	0
298	0	0	0
299	0	0	0
300	0	0	0
301	0	0	0
302	0	0	0
303	0	0	0
304	0	0	0
305	0	0	0
306	0	0	0
307	0	0	0
308	0	0	0
309	0	0	0
310	0	0	0
311	0	0	0
312	0	0	0
313	0	0	0
314	0	0	0
315	0	0	0
316	0	0	0
317	0	0	0
318	0	0	0
319	0	0	0
320	0	0	0
321	0	0	0
322	0	0	0
323	0	0	0
324	0	0	0
325	0	0	0
326	0	0	0
327	0	0	0
328	0	0	0
329	0	0	0
330	0	0	0
331	0	0	0
332	0	0	0
333	0	0	0
334	0	0	0
335	0	0	0
336	0	0	0
337	0	0	0
338	0	0	0
339	0	0	0
340	0	0	0
341	0	0	0
342	0	0	0
343	0	0	0
344	0	0	0
345	0	0	0
346	0	0	0
347	0	0	0
348	0	0	0
349	0	0	0
350	0	0	0
351	0	0	0
352	0	0	0
353	0	0	0
354	0	0	0
355	0	0	0
356	0	0	0
357	0	0	0
358	0	0	0
359	0	0	0
360	0	0	0
361	0	0	0
362	0	0	0
363	0	0	0
364	0	0	0
365	0	0	0
366	0	0	0
367	0	0	0
368	0	0	0
369	0	0	0
370	0	0	0
371	0	0	0
372	0	0	0
373	0	0	0
374	0	0	0
375	0	0	0
376	0	0	0
377	0	0	0
378	0	0	0
379	0	0	0
380	0	0	0
381	0	0	0
382	0	0	0
383	0	0	0
384	0	0	0
385	0	0	0
386	0	0	0
387	0	0	0
388	0	0	0
389	0	0	0
390	0	0	0
391	0	0	0
392	0	0	0
393	0	0	0
394	0	0	0
395	0	0	0
396	0	0	0
397	0	0	0
398	0	0	0
399	0	0	0
400	0	0	0
401	0	0	0
402	0	0	0
403	0	0	0
404	0	0	0
405	0	0	0
406	0	0	0
407	0	0	0
408	0	0	0
409	0	0	0
410	0	0	0
411	0	0	0
412	0	0	0
413	0	0	0
414	0	0	0
415	0	0	0
416	0	0	0
417	0	0	0
418	0	0	0
419	0	0	0
420	0	0	0
421	0	0	0
422	0	0	0
423	0	0	0
424	0	0	0
425	0	0	0
426	0	0	0
427	0	0	0
428	0	0	0
429	0	0	0
430	0	0	0
431	0	0	0
432	0	0	0
433	0	0	0
434	0	0	0
435	0	0	0
436	0	0	0
437	0	0	0
438	0	0	0
439	0	0	0
440	0	0	0
441	0	0	0
442	0	0	0
443	0	0	0
444	0	0	0
445	0	0	0
446	0	0	0
447	0	0	0
448	0	0	0
449	0	0	0
450	0	0	0
451	0	0	0
452	0	0	0
453	0	0	0
454	0	0	0
455	0	0	0
456	0	0	0
457	0	0	0
458	0	0	0
459	0	0	0
460	0	0	0
461	0	0	0
462	0	0	0
463	0	0	0
464	0	0	0
465	0	0	0
466	0	0	0
467	0	0	0
468	0	0	0
469	0	0	0
470	0	0	0
471	0	0	0
472	0	0	0
473	0	0	0
474	0	0	0
475	0	0	0
476	0	0	0
477	0	0	0
478	0	0	0
479	0	0	0
480	0	0	0
481	0	0	0
482	0	0	0
483	0	0	0
484	0	0	0
485	0	0	0
486	0	0	0
487	0	0	0
488	0	0	0
489	0	0	0
490	0	0	0
491	0	0	0
492	0	0	0
493	0	0	0
494	0	0	0
495	0	0	0
496	0	0	0
497	0	0	0
498	0	0	0
499	0	0	0
500	0	0	0
501	0	0	0
502	0	0	0
503	0	0	0
504	0	0	0
505	0	0	0
506	0	0	0
507	0	0	0
508	0	0	0
509	0	0	0
510	0	0	0
511	0	0	0
512	0	0	0
513	0	0	0
514	0	0	0
515	0	0	0
516	0	0	0
517	0	0	0
518	0	0	0
519	0	0	0
520	0	0	0
521	0	0	0
522	0	0	0
523	0	0	0
524	0	0	0
525	0	0	0
526	0	0	0
527	0	0	0
528	0	0	0
529	0	0	0
530	0	0	0
531	0	0	0
532	0	0	0
533	0	0	0
534	0	0	0
535	0	0	0
536	0	0	0
537	0	0	0
538	0	0	0
539	0	0	0
540	0	0	0
541	0	0	0
542	0	0	0
543	0	0	0
544	0	0	0
545	0	0	0
546	0	0	0
547	0	0	0
548	0	0	0
549	0	0	0
550	0	0	0
551	0	0	0
552	0	0	0
553	0	0	0
554	0	0	0
555	0	0	0
556	0	0	0
557	0	0	0
558	0	0	0
559	0	0	0
560	0	0	0
561	0	0	0
562	0	0	0
563	0	0	0
564	0	0	0
565	0	0	0
566	0	0	0
567	0	0	0
568	0	0	0
569	0	0	0
570	0	0	0
571	0	0	0
572	0	0	0
573	0	0	0
574	0	0	0
575	0	0	0
576	0	0	0
577	0	0	0
578	0	0	0
579	0	0	0
580	0	0	0
581	0	0	0
582	0	0	0
583	0	0	0
584	0	0	0
585	0	0	0
586	0	0	0
587	0	0	0
588	0	0	0
589	0	0	0
590	0	0	0
591	0	0	0
592	0	0	0
593	0	0	0
594	0	0	0
595	0	0	0
596	0	0	0
597	0	0	0
598	0	0	0
599	0	0	0
600	0	0	0
601	0	0	0
602	0	0	0
603	0	0	0
604	0	0	0
605	0	0	0
606	0	0	0
607	0	0	0
608	0	0	0
609	0	0	0
610	0	0	0
611	0	0	0
612	0	0	0
613	0	0	0
614	0	0	0
615	0	0	0
616	0	0	0
617	0	0	0
618	0	0	0
619	0	0	0
620	0	0	0
621	0	0	0
622	0	0	0
623	0	0	0
624	0	0	0
625	0	0	0
626	0	0	0
627	0	0	0
628	0	0	0
629	0	0	0
630	0	0	0
631	0	0	0
632	0	0	0
633	0	0	0
634	0	0	0
635	0	0	0
636	0	0	0
637	0	0	0
638	0	0	0
639	0	0	0
640	0	0	0
641	0	0	0
642	0	0	0
643	0	0	0
644	0	0	0
645	0	0	0
646	0	0	0
647	0	0	0
648	0	0	0
649	0	0	0
650	0	0	0
651	0	0	0
652	0	0	0
653	0	0	0
654	0	0	0
655	0	0	0
656	0	0	0
657	0	0	0
658	0	0	0
659	0	0	0
660	0	0	0
661	0	0	0
662	0	0	0
663	0	0	0
664	0	0	0
665	0	0	0
666	0	0	0
667	0	0	0
668	0	0	0
669	0	0	0
670	0	0	0
671	0	0	0
672	0	0	0
673	0	0	0
674	0	0	0
675	0	0	0
676	0	0	0
677	0	0	0
678	0	0	0
679	0	0	0
680	0	0	0
681	0	0	0
682	0	0	0
683	0	0	0
684	0	0	0
685	0	0	0
686	0	0	0
687	0	0	0
688	0	0	0
689	0	0	0
690	0	0	0
691	0	0	0
692	0	0	0
693	0	0	0
694	0	0	0
695	0	0	0
696	0	0	0
697	0	0	0
698	0	0	0
699	0	0	0
700	0	0	0
701	0	0	0
702	0	0	0
703	0	0	0
704	0	0	0
705	0	0	0
706	0	0	0
707	0	0	0
708	0	0	0
709	0	0	0
710	0	0	0
711	0	0	0
712	0	0	0
713	0	0	0
714	0	0	0
715	0	0	0
716	0	0	0
717	0	0	0
718	0	0	0
719	0	0	0
720	0	0	0
721	0	0	0
722	0	0	0
723	0	0	0
724	0	0	0
725	0	0	0
726	0	0	0
727	0	0	0
728	0	0	0
729	0	0	0
730	0	0	0
731	0	0	0
732	0	0	0
733	0	0	0
734	0	0	0
735	0	0	0
736	0	0	0
737	0	0	0
738	0	0	0
739	0	0	0
740	0	0	0
741	0	0	0
742	0	0	0
743	0	0	0
744	0	0	0
745	0	0	0
746	0	0	0
747	0	0	0
748	0	0	0
749	0	0	0
750	0	0	0
751	0	0	0
752	0	0	0
753	0	0	0
754	0	0	0
755	0	0	0
756	0	0	0
757	0	0	0
758	0	0	0
759	0	0	0
760	0	0	0
761	0	0	0
762	0	0	0
763	0	0	0
764	0	0	0
765	0	0	0
766	0	0	0
767	0	0	0
768	0	0	0
769	0	0	0
770	0	0	0
771	0	0	0
772	0	0	0
773	0	0	0
774	0	0	0
775	0	0	0
776	0	0	0
777	0	0	0
778	0	0	0
779	0	0	0
780	0	0	0
781	0	0	0
782	0	0	0
783	0	0	0
784	0	0	0
785	0	0	0
786	0	0	0
787	0	0	0
788	0	0	0
789	0	0	0
790	0	0	0
791	0	0	0
792	0	0	0
793	0	0	0
794	0	0	0
795	0	0	0
796	0	0	0
797	0	0	0
798	0	0	0
799	0	0	0
800	0	0	0
801	0	0	0
802	0	0	0
803	0	0	0
804	0	0	0
805	0	0	0
806	0	0	0
807	0	0	0
808	0	0	0
809	0	0	0
810	0	0	0
811	0	0	0
812	0	0	0
813	0	0	0
814	0	0	0
815	0	0	0
816	0	0	0
817	0	0	0
818	0	0	0
819	0	0	0
820	0	0	0
821	0	0	0
822	0	0	0
823	0	0	0
824	0	0	0
825	0	0	0
826	0	0	0
827	0	0	0
828	0	0	0
829	0	0	0
830	0	0	0
831	0	0	0
832	0	0	0
833	0	0	0
834	0	0	0
835	0	0	0
836	0	0	0
837	0	0	0
838	0	0	0
839	0	0	0
840	0	0	0
841	0	0	0
842	0	0	0
843	0	0	0
844	0	0	0
845	0	0	0
846	0	0	0
847	0	0	0
848	0	0	0
849	0	0	0
850	0	0	0
851	0	0	0
852	0	0	0
853	0	0	0
854	0	0	0
855	0	0	0
856	0	0	0
857	0	0	0
858	0	0	0
859	0	0	0
860	0	0	0
861	0	0	0
862	0	0	0
863	0	0	0
864	0	0	0
865	0	0	0
866	0	0	0
867	0	0	0
868	0	0	0
869	0	0	0
870	0	0	0
871	0	0	0
872	0	0	0
873	0	0	0
874	0	0	0
875	0	0	0
876	0	0	0
877	0	0	0
878	0	0	0
879	0	0	0
880	0	0	0
881	0	0	0
882	0	0	0
883	0	0	0
884	0	0	0
885	0	0	0
886	0	0	0
887	0	0	0
888	0	0	0
889	0	0	0
890	0	0	0
891	0	0	0
892	0	0	0
893	0	0	0
894	0	0	0
895	0	0	0
896	0	0	0
897	0	0	0
898	0	0	0
899	0	0	0
900	0	0	0
901	0	0	0
902	0	0	0
903	0	0	0
904	0	0	0
905	0	0	0
906	0	0	0
907	0	0	0
908	0	0	0
909	0	0	0
910	0	0	0
911	0	0	0
912	0	0	0
913	0	0	0
914	0	0	0
915	0	0	0
916	0	0	0
917	0	0	0
918	0	0	0
919	0	0	0
920	0	0	0
921	0	0	0
922	0	0	0
923	0	0	0
924	0	0	0
925	0	0	0
926	0	0	0
927	0	0	0
928	0	0	0
929	0	0	0
930	0	0	0
931	0	0	0
932	0	0	0
933	0	0	0
934	0	0	0
935	0	0	0
936	0	0	0
937	0	0	0
938	0	0	0
939	0	0	0
940	0	0	0
941	0	0	0
942	0	0	0
943	0	0	0
944	0	0	0
945	0	0	0
946	0	0	0
947	0	0	0
948	0	0	0
949	0	0	0
950	0	0	0
951	0	0	0
952	0	0	0
953	0	0	0
954	0	0	0
955	0	0	0
956	0	0	0
957	0	0	0
958	0	0	0
959	0	0	0
960	0	0	0
961	0	0	0
962	0	0	0
963	0	0	0
964	0	0	0
965	0	0	0
966	0	0	0
967	0	0	0
968	0	0	0
969	0	0	0
970	0	0	0
971	0	0	0
972	0	0	0
973	0	0	0
974	0	0	0
975	0	0	0
976	0	0	0
977	0	0	0
978	0	0	0
979	0	0	0
980	0	0	0
981	0	0	0
982	0	0	0
983	0	0	0
984	0	0	0
985	0	0	0
986	0	0	0
987	0	0	0
988	0	0	0
989	0	0	0
990	0	0	0
991	0	0	0
992	0	0	0
993	0	0	0
994	0	0	0
995	0	0	0
996	0	0	0
997	0	0	0
998	0	0	0
999	0	0	0
1000	0	0	0
1001	0	0	0
1002	0	0	0
1003	0	0	0
1004	0	0	0
1005	0	0	0
1006	0	0	0
1007	0	0	0
1008	0	0	0
1009	0	0	0
1010	0	0	0
1011	0	0	0
1012	0	0	0
1013	0	0	0
1014	0	0	0
1015	0	0	0
1016	0	0	0
1017	0	0	0
1018	0	0	0
1019	0	0	0
1020	0	0	0
1021	0	0	0
1022	0	0	0
1023	0	0	0
1024	0	0	0
1025	0	0	0
1026	0	0	0
1027	0	0	0
1028	0	0	0
1029	0	0	0
1030	0	0	0
1031	0	0	0
1032	0	0	0
1033	0	0	0
1034	0	0	0
1035	0	0	0
1036	0	0	0
1037	0	0	0
1038	0	0	0
1039	0	0	0
1040	0	0	0
1041	0	0	0
1042	0	0	0
1043	0	0	0
1044	0	0	0
1045	0	0	0
1046	0	0	0
1047	0	0	0
1048	0	0	0
1049	0	0	0
1050	0	0	0
1051	0	0	0
1052	0	0	0
1053	0	0	0
1054	0	0	0
1055	0	0	0
1056	0	0	0
1057	0	0	0
1058	0	0	0
1059	0	0	0
1060	0	0	0
1061	0	0	0
1062	0	0	0
1063	0	0	0
1064	0	0	0
1065	0	0	0
1066	0	0	0
1067	0	0	0
1068	0	0	0
1069	0	0	0
1070	0	0	0
1071	0	0	0
1072	0	0	0
1073	0	0	0
1074	0	0	0
1075	0	0	0
1076	0	0	0
1077	0	0	0
1078	0	0	0
1079	0	0	0
1080	0	0	0
1081	0	0	0
1082	0	0	0
1083	0	0	0
1084	0	0	0
1085	0	0	0
1086	0	0	0
1087	0	0	0
1088	0	0	0
1089	0	0	0
1090	0	0	0
1091	0	0	0
1092	0	0	0
1093	0	0	0
1094	0	0	0
1095	0	0	0
1096	0	0	0
1097	0	0	0
1098	0	0	0
1099	0	0	0
1100	0	0	0
1101	0	0	0
1102	0	0	0
1103	0	0	0
1104	0	0	0
1105	0	0	0
1106	0	0	0
1107	0	0	0
1108	0	0	0
1109	0	0	0
1110	0	0	0
1111	0	0	0
1112	0	0	0
1113	0	0	0
1114	0	0	0
1115	0	0	0
1116	0	0	0
1117	0	0	0
1118	0	0	0
1119	0	0	0
1120	0	0	0
1121	0	0	0
1122	0	0	0
1123	0	0	0
1124	0	0	0
1125	0	0	0
1126	0	0	0
1127	0	0	0
1128	0	0	0
1129	0	0	0
1130	0	0	0
1131	0	0	0
1132	0	0	0
1133	0	0	0
1134	0	0	0
1135	0	0	0
1136	0	0	0
1137	0	0	0
1138	0	0	0
1139	0	0	0
1140	0	0	0
1141	0	0	0
1142	0	0	0
1143	0	0	0
1144	0	0	0
1145	0	0	0
1146	0	0	0
1147	0	0	0
1148	0	0	0
1149	0	0	0
1150	0	0	0
1151	0	0	0
1152	0	0	0
1153	0	0	0
1154	0	0	0
1155	0	0	0
1156	0	0	0
1157	0	0	0
1158	0	0	0
1159	0	0	0
1160	0	0	0
1161	0	0	0
1162	0	0	0
1163	0	0	0
1164	0	0	0
1165	0	0	0
1166	0	0	0
1167	0	0	0
1168	0	0	0
1169	0	0	0
1170	0	0	0
1171	0	0	0
1172	0	0	0
1173	0	0	0
1174	0	0	0
1175	0	0	0
1176	0	0	0
1177	0	0	0
1178	0	0	0
1179	0	0	0
1180	0	0	0
1181	0	0	0
1182	0	0	0
1183	0	0	0
1184	0	0	0
1185	0	0	0
1186	0	0	0
1187	0	0	0
1188	0	0	0
1189	0	0	0
1190	0	0	0
1191	0	0	0
1192	0	0	0
1193	0	0	0
1194	0	0	0
1195	0	0	0
1196	0	0	0
1197	0	0	0
1198	0	0	0
1199	0	0	0
1200	0	0	0
1201	0	0	0
1202	0	0	0
1203	0	0	0
1204	0	0	0
1205	0	0	0
1206	0	0	0
1207	0	0	0
1208	0	0	0
1209	0	0	0
1210	0	0	0
1211	0	0	0
1212	0	0	0
1213	0	0	0
1214	0	0	0
1215	0	0	0
1216	0	0	0
1217	0	0	0
1218	0	0	0
1219	0	0	0
1220	0	0	0
1221	0	0	0
1222	0	0	0
1223	0	0	0
1224	0	0	0
1225	0	0	0
1226	0	0	0
1227	0	0	0
1228	0	0	0
1229	0	0	0
1230	0	0	0
1231	0	0	0
1232	0	0	0
1233	0	0	0
1234	0	0	0
1235	0	0	0
1236	0	0	0
1237	0	0	0
1238	0	0	0
1239	0	0	0
1240	0	0	0
1241	0	0	0
1242	0	0	0
1243	0	0	0
1244	0	0	0
1245	0	0	0
1246	0	0	0
1247	0	0	0
1248	0	0	0
1249	0	0	0
1250	0	0	0
1251	0	0	0
1252	0	0	0
1253	0	0	0
1254	0	0	0
1255	0	0	0
1256	0	0	0
1257	0	0	0
1258	0	0	0
1259	0	0	0
1260	0	0	0
1261	0	0	0
1262	0	0	0
1263	0	0	0
1264	0	0	0
1265	0	0	0
1266	0	0	0
1267	0	0	0
1268	0	0	0
1269	0	0	0
1270	0	0	0
1271	0	0	0
1272	0	0	0
1273	0	0	0
1274	0	0	0
1275	0	0	0
1276	0	0	0
1277	0	0	0
1278	0	0	0
1279	0	0	0
1280	0	0	0
1281	0	0	0
1282	0	0	0
1283	0	0	0
1284	0	0	0
1285	0	0	0
1286	0	0	0
1287	0	0	0
1288	0	0	0
1289	0	0	0
1290	0	0	0
1291	0	0	0
1292	0	0	0
1293	0	0	0
1294	0	0	0
1295	0	0	0
1296	0	0	0
1297	0	0	0
1298	0	0	0
1299	0	0	0
1300	0	0	0
1301	0	0	0
1302	0	0	0
1303	0	0	0
1304	0	0	0
1305	0	0	0
1306	0	0	0
1307	0	0	0
1308	0	0	0
1309	0	0	0
1310	0	0	0
1311	0	0	0
1312	0	0	0
1313	0	0	0
1314	0	0	0
1315	0	0	0
1316	0	0	0
1317	0	0	0
1318	0	0	0
1319	0	0	0
1320	0	0	0
1321	0	0	0
1322	0	0	0
1323	0	0	0
1324	0	0	0
1325	0	0	0
1326	0	0	0
1327	0	0	0
1328	0	0	0
1329	0	0	0
1330	0	0	0
1331	0	0	0
1332	0	0	0
1333	0	0	0
1334	0	0	0
1335	0	0	0
1336	0	0	0
1337	0	0	0
1338	0	0	0
1339	0	0	0
1340	0	0	0
1341	0	0	0
1342	0	0	0
1343	0	0	0
1344	0	0	0
1345	0	0	0
1346	0	0	0
1347	0	0	0
1348	0	0	0
1349	0	0	0
1350	0	0	0
1351	0	0	0
1352	0	0	0
1353	0	0	0
1354	0	0	0
1355	0	0	0
1356	0	0	0
1357	0	0	0
1358	0	0	0
1359	0	0	0
1360	0	0	0
1361	0	0	0
1362	0	0	0
1363	0	0	0
1364	0	0	0
1365	0	0	0
1366	0	0	0
1367	0	0	0
1368	0	0	0
1369	0	0	0
1370	0	0	0
1371	0	0	0
1372	0	0	0
1373	0	0	0
1374	0	0	0
1375	0	0	0
1376	0	0	0
1377	0	0	0
1378	0	0	0
1379	0	0	0
1380	0	0	0
1381	0	0	0
1382	0	0	0
1383	0	0	0
1384	0	0	0
1385	0	0	0
1386	0	0	0
1387	0	0	0
1388	0	0	0
1389	0	0	0
1390	0	0	0
1391	0	0	0
1392	0	0	0
1393	0	0	0
1394	0	0	0
1395	0	0	0
1396	0	0	0
1397	0	0	0
1398	0	0	0
1399	0	0	0
1400	0	0	0
1401	0	0	0
1402	0	0	0
1403	0	0	0
1404	0	0	0
1405	0	0	0
1406	0	0	0
1407	0	0	0
1408	0	0	0
1409	0	0	0
1410	0	0	0
1411	0	0	0
1412	0	0	0
1413	0	0	0
1414	0	0	0
1415	0	0	0
1416	0	0	0
1417	0	0	0
1418	0	0	0
1419	0	0	0
1420	0	0	0
1421	0	0	0
1422	0	0	0
1423	0	0	0
1424	0	0	0
1425	0	0	0
1426	0	0	0
1427	0	0	0
1428	0	0	0
1429	0	0	0
1430	0	0	0
1431	0	0	0
1432	0	0	0
1433	0	0	0
1434	0	0	0
1435	0	0	0
1436	0	0	0
1437	0	0	0
1438	0	0	0
1439	1	0	1
1440	1	0	1
1441	1	0	1
1442	1	0	1
1443	1	0	1
1444	1	0	1
1445	1	0	1
1446	1	0	1
1447	1	0	1
1448	1	0	1
1449	1	0	1
1450	1	0	1
1451	1	0	1
1452	1	0	1
1453	1	0	1
1454	1	0	1
1455	1	0	1
1456	1	0	1
1457	1	0	1
1458	1	0	1
1459	1	0	1
1460	1	0	1
1461	1	0	1
1462	1	0	1
1463	1	0	1
1464	1	0	1
1465	1	0	1
1466	1	0	1
1467	1	0	1
1468	1	0	1
1469	1	0	1
1470	1	0	1
1471	1	0	1
1472	1	0	1
1473	1	0	1
1474	1	0	1
1475	1	0	1
1476	1	0	1
1477	1	0	1
1478	2	0	2
1479	2	0	2
1480	2	0	2
1481	2	0	2
1482	2	0	2
1483	2	0	2
1484	2	0	2
1485	2	0	2
1486	2	0	2
1487	2	0	2
1488	2	0	2
1489	2	0	2
1490	2	0	2
1491	2	0	2
1492	2	0	2
1493	2	0	2
1494	2	0	2
1495	2	0	2
1496	2	0	2
1497	2	0	2
1498	2	0	2
1499	2	0	2
1500	2	0	2
1501	2	0	2
1502	2	0	2
1503	2	0	2
1504	2	0	2
1505	2	0	2
1506	2	0	2
1507	2	0	2
1508	2	0	2
1509	2	0	2
1510	2	0	2
1511	2	0	2
1512	2	0	2
1513	2	0	2
1514	2	0	2
1515	2	0	2
1516	2	0	2
1517	2	0	2
1518	2	0	2
1519	2	0	2
1520	2	0	2
1521	2	0	2
1522	2	0	2
1523	2	0	2
1524	2	0	2
1525	2	0	2
1526	2	0	2
1527	2	0	2
1528	2	0	2
1529	2	0	2
1530	2	0	2
1531	2	0	2
1532	2	0	2
1533	2	0	2
1534	2	0	2
1535	2	0	2
1536	2	0	2
1537	2	0	2
1538	2	0	2
1539	2	0	2
1540	2	0	2
1541	2	0	2
1542	2	0	2
1543	2	0	2
1544	2	0	2
1545	2	0	2
1546	2	0	2
1547	2	0	2
1548	2	0	2
1549	2	0	2
1550	2	0	2
1551	2	0	2
1552	2	0	2
1553	2	0	2
1554	2	0	2
1555	2	0	2
1556	2	0	2
1557	2	0	2
1558	2	0	2
1559	2	0	2
1560	2	0	2
1561	2	0	2
1562	2	0	2
1563	2	0	2
1564	2	0	2
1565	2	0	2
1566	2	0	2
1567	2	0	2
1568	2	0	2
1569	2	0	2
1570	2	0	2
1571	2	0	2
1572	2	0	2
1573	2	0	2
1574	2	0	2
1575	2	0	2
1576	2	0	2
1577	2	0	2
1578	2	0	2
1579	2	0	2
1580	2	0	2
1581	2	0	2
1582	2	0	2
1583	2	0	2
1584	2	0	2
1585	2	0	2
1586	2	0	2
1587	2	0	2
1588	2	0	2
1589	2	0	2
1590	2	0	2
1591	2	0	2
1592	2	0	2
1593	2	0	2
1594	2	0	2
1595	2	0	2
1596	2	0	2
1597	2	0	2
1598	2	0	2
1599	2	0	2
1600	2	0	2
1601	2	0	2
1602	2	0	2
1603	2	0	2
1604	2	0	2
1605	2	0	2
1606	2	0	2
1607	2	0	2
1608	2	0	2
1609	2	0	2
1610	2	0	2
1611	2	0	2
1612	2	0	2
1613	2	0	2
1614	2	0	2
1615	2	0	2
1616	2	0	2
1617	2	0	2
1618	2	0	2
1619	2	0	2
1620	2	0	2
1621	2	0	2
1622	2	0	2
1623	2	0	2
1624	2	0	2
1625	2	0	2
1626	2	0	2
1627	2	0	2
1628	2	0	2
1629	2	0	2
1630	2	0	2
1631	2	0	2
1632	2	0	2
1633	2	0	2
1634	2	0	2
1635	2	0	2
1636	2	0	2
1637	2	0	2
1638	2	0	2
1639	2	0	2
1640	2	0	2
1641	2	0	2
1642	2	0	2
1643	2	0	2
1644	2	0	2
1645	2	0	2
1646	2	0	2
1647	2	0	2
1648	2	0	2
1649	2	0	2
1650	2	0	2
1651	2	0	2
1652	2	0	2
1653	2	0	2
1654	2	0	2
1655	2	0	2
1656	2	0	2
1657	2	0	2
1658	2	0	2
1659	2	0	2
1660	2	0	2
1661	2	0	2
1662	2	0	2
1663	2	0	2
1664	2	0	2
1665	2	0	2
1666	2	0	2
1667	2	0	2
1668	2	0	2
1669	2	0	2
1670	2	0	2
1671	2	0	2
1672	2	0	2
1673	2	0	2
1674	2	0	2
1675	2	0	2
1676	2	0	2
1677	2	0	2
1678	2	0	2
1679	2	0	2
1680	2	0	2
1681	2	0	2
1682	2	0	2
1683	2	0	2
1684	2	0	2
1685	2	0	2
1686	2	0	2
1687	2	0	2
1688	2	0	2
1689	2	0	2
1690	2	0	2
1691	2	0	2
1692	2	0	2
1693	2	0	2
1694	2	0	2
1695	2	0	2
1696	2	0	2
1697	2	0	2
1698	2	0	2
1699	2	0	2
1700	2	0	2
1701	2	0	2
1702	2	0	2
1703	2	0	2
1704	2	0	2
1705	2	0	2
1706	2	0	2
1707	2	0	2
1708	2	0	2
1709	2	0	2
1710	2	0	2
1711	2	0	2
1712	2	0	2
1713	2	0	2
1714	2	0	2
1715	2	0	2
1716	2	0	2
1717	2	0	2
1718	2	0	2
1719	2	0	2
1720	2	0	2
1721	2	0	2
1722	2	0	2
1723	2	0	2
1724	2	0	2
1725	2	0	2
1726	2	0	2
1727	2	0	2
1728	2	0	2
1729	2	0	2
1730	2	0	2
1731	2	0	2
1732	2	0	2
1733	2	0	2
1734	2	0	2
1735	2	0	2
1736	2	0	2
1737	2	0	2
1738	2	0	2
1739	2	0	2
1740	2	0	2
1741	2	0	2
1742	2	0	2
1743	2	0	2
1744	2	0	2
1745	2	0	2
1746	2	0	2
1747	2	0	2
1748	2	0	2
1749	2	0	2
1750	2	0	2
1751	2	0	2
1752	2	0	2
1753	2	0	2
1754	2	0	2
1755	2	0	2
1756	2	0	2
1757	2	0	2
1758	2	0	2
1759	2	0	2
1760	2	0	2
1761	2	1	1
1762	2	1	1
1763	2	1	1
1764	2	1	1
1765	2	1	1
1766	2	1	1
1767	2	1	1
1768	2	1	1
1769	2	2	0
1770	3	2	1
1771	3	2	1
1772	3	2	1
1773	3	2	1
1774	3	2	1
1775	3	2	1
1776	3	2	1
1777	3	2	1
1778	3	2	1
1779	3	2	1
1780	3	2	1
1781	3	2	1
1782	3	2	1
1783	3	2	1
1784	3	2	1
1785	3	2	1
1786	3	2	1
1787	3	3	0
1788	3	3	0
1789	3	3	0
1790	3	3	0
1791	3	3	0
1792	3	3	0
1793	3	4	-1
1794	3	4	-1
1795	3	4	-1
1796	3	4	-1
1797	3	5	-2
1798	3	5	-2
1799	3	5	-2
1800	3	5	-2
1801	3	5	-2
1802	3	5	-2
1803	3	5	-2
1804	3	5	-2
1805	3	5	-2
1806	3	5	-2
1807	3	5	-2
1808	3	5	-2
1809	3	5	-2
1810	3	5	-2
1811	3	6	-3
1812	3	6	-3
1813	3	6	-3
1814	3	6	-3
1815	3	6	-3
1816	3	6	-3
1817	3	7	-4
1818	3	7	-4
1819	3	7	-4
1820	3	7	-4
1821	3	7	-4
1822	3	7	-4
1823	3	7	-4
1824	3	7	-4
1825	3	8	-5
1826	3	8	-5
1827	3	8	-5
1828	3	8	-5
1829	3	8	-5
1830	3	8	-5
1831	3	8	-5
1832	3	8	-5
1833	3	8	-5
1834	3	8	-5
1835	3	8	-5
1836	3	8	-5
1837	3	8	-5
1838	4	8	-4
1839	4	8	-4
1840	4	8	-4
1841	4	8	-4
1842	4	8	-4
1843	4	8	-4
1844	4	8	-4
1845	5	8	-3
1846	5	8	-3
1847	5	8	-3
1848	5	8	-3
1849	5	8	-3
1850	5	8	-3
1851	5	8	-3
1852	5	8	-3
1853	5	8	-3
1854	5	8	-3
1855	5	8	-3
1856	5	8	-3
1857	5	8	-3
1858	5	8	-3
1859	6	8	-2
1860	6	8	-2
1861	6	8	-2
1862	6	8	-2
1863	6	8	-2
1864	6	8	-2
1865	6	8	-2
1866	6	8	-2
1867	7	8	-1
1868	7	8	-1
1869	7	8	-1
1870	7	8	-1
1871	7	8	-1
1872	7	8	-1
1873	8	8	0
1874	8	8	0
1875	8	8	0
1876	8	8	0
1877	8	9	-1
1878	8	9	-1
1879	8	9	-1
1880	8	9	-1
1881	8	9	-1
1882	8	9	-1
1883	8	9	-1
1884	8	9	-1
1885	8	9	-1
1886	8	9	-1
1887	8	9	-1
1888	8	9	-1
1889	8	9	-1
1890	8	9	-1
1891	8	9	-1
1892	8	9	-1
1893	8	9	-1
1894	8	9	-1
1895	8	9	-1
1896	9	9	0
1897	9	9	0
1898	9	9	0
1899	9	9	0
1900	9	9	0
1901	9	9	0
1902	9	9	0
1903	9	9	0
1904	9	9	0
1905	9	9	0
1906	9	9	0
1907	9	9	0
1908	9	9	0
1909	9	9	0
1910	9	9	0
1911	9	10	-1
1912	9	10	-1
1913	9	10	-1
1914	10	10	0
1915	10	10	0
1916	10	10	0
1917	11	10	1
1918	11	10	1
1919	11	10	1
1920	11	10	1
1921	11	10	1
1922	11	10	1
1923	11	10	1
1924	11	10	1
1925	11	10	1
1926	11	10	1
1927	11	10	1
1928	11	10	1
1929	11	10	1
1930	11	10	1
1931	11	10	1
1932	11	10	1
1933	11	10	1
1934	11	10	1
1935	11	10	1
1936	11	10	1
1937	11	10	1
1938	11	10	1
1939	11	10	1
1940	11	10	1
1941	11	10	1
1942	11	10	1
1943	11	10	1
1944	12	10	2
1945	12	10	2
1946	12	10	2
1947	12	10	2
1948	12	10	2
1949	12	10	2
1950	12	10	2
1951	12	10	2
1952	12	10	2
1953	12	10	2
1954	12	10	2
1955	12	10	2
1956	12	10	2
1957	12	10	2
1958	12	10	2
1959	12	10	2
1960	12	10	2
1961	12	10	2
1962	12	10	2
1963	12	10	2
1964	12	10	2
1965	12	10	2
1966	12	10	2
1967	12	10	2
1968	13	10	3
1969	13	10	3
1970	13	10	3
1971	13	10	3
1972	14	10	4
1973	14	10	4
1974	14	10	4
1975	14	10	4
1976	14	10	4
1977	14	10	4
1978	14	10	4
1979	14	10	4
1980	14	10	4
1981	14	10	4
1982	14	10	4
1983	14	10	4
1984	15	10	5
1985	15	10	5
1986	15	10	5
1987	15	10	5
1988	16	10	6
1989	16	10	6
1990	16	10	6
1991	16	10	6
1992	16	10	6
1993	16	10	6
1994	16	10	6
1995	16	10	6
1996	16	10	6
1997	16	10	6
1998	16	10	6
1999	16	10	6
2000	16	10	6
2001	16	10	6
2002	16	10	6
2003	16	10	6
2004	16	10	6
2005	16	10	6
2006	16	10	6
2007	16	10	6
2008	16	10	6
2009	16	10	6
2010	16	10	6
2011	16	10	6
2012	16	10	6
2013	17	10	7
2014	17	10	7
2015	17	10	7
2016	17	10	7
2017	17	10	7
2018	17	10	7
2019	17	10	7
2020	17	10	7
2021	17	10	7
2022	17	10	7
2023	17	10	7
2024	17	10	7
2025	17	10	7
2026	17	10	7
2027	17	10	7
2028	17	10	7
2029	17	10	7
2030	18	10	8
2031	18	10	8
2032	18	10	8
2033	18	10	8
2034	18	10	8
2035	18	10	8
2036	18	10	8
2037	18	10	8
2038	18	10	8
2039	18	10	8
2040	18	10	8
2041	18	10	8
2042	18	10	8
2043	19	10	9
2044	19	10	9
2045	19	10	9
2046	19	10	9
2047	19	10	9
2048	19	10	9
2049	19	10	9
2050	19	10	9
2051	19	10	9
2052	19	10	9
2053	19	10	9
2054	19	10	9
2055	19	10	9
2056	19	10	9
2057	19	10	9
2058	19	10	9
2059	19	10	9
2060	19	10	9
2061	19	10	9
2062	19	10	9
2063	19	10	9
2064	19	10	9
2065	19	10	9
2066	19	10	9
2067	19	10	9
2068	19	10	9
2069	19	10	9
2070	19	10	9
2071	19	10	9
2072	19	10	9
2073	19	10	9
2074	19	10	9
2075	19	10	9
2076	19	10	9
2077	19	10	9
2078	19	10	9
2079	20	10	10
2080	20	10	10
2081	20	10	10
2082	20	10	10
2083	20	10	10
2084	21	10	11
2085	21	10	11
2086	21	10	11
2087	21	10	11
2088	21	10	11
2089	21	10	11
2090	21	10	11
2091	21	10	11
2092	21	10	11
2093	21	10	11
2094	21	10	11
2095	21	10	11
2096	21	10	11
2097	21	10	11
2098	22	10	12
2099	22	10	12
2100	22	10	12
2101	22	10	12
2102	22	10	12
2103	22	10	12
2104	22	10	12
2105	22	10	12
2106	22	10	12
2107	22	10	12
2108	22	10	12
2109	22	10	12
2110	22	10	12
2111	22	10	12
2112	22	10	12
2113	22	10	12
2114	22	10	12
2115	22	10	12
2116	22	10	12
2117	22	10	12
2118	22	10	12
2119	22	10	12
2120	22	10	12
2121	22	10	12
2122	22	10	12
2123	22	10	12
2124	22	10	12
2125	22	10	12
2126	22	10	12
2127	22	10	12
2128	22	10	12
2129	22	10	12
2130	22	10	12
2131	22	10	12
2132	22	10	12
2133	22	10	12
2134	22	10	12
2135	22	10	12
2136	22	10	12
2137	22	10	12
2138	22	10	12
2139	22	10	12
2140	22	10	12
2141	22	10	12
2142	22	10	12
2143	22	10	12
2144	22	10	12
2145	22	10	12
2146	23	10	13
2147	23	10	13
2148	23	10	13
2149	23	10	13
2150	23	10	13
2151	23	10	13
2152	23	10	13
2153	23	10	13
2154	23	10	13
2155	23	10	13
2156	23	10	13
2157	23	10	13
2158	24	10	14
2159	24	10	14
2160	24	10	14
2161	24	10	14
2162	24	10	14
2163	24	10	14
2164	24	10	14
2165	24	10	14
2166	24	10	14
2167	24	10	14
2168	24	10	14
2169	24	10	14
2170	24	10	14
2171	24	10	14
2172	24	10	14
2173	24	10	14
2174	24	10	14
2175	24	10	14
2176	25	10	15
2177	25	10	15
2178	25	10	15
2179	25	10	15
2180	25	10	15
2181	26	10	16
2182	26	10	16
2183	26	10	16
2184	26	10	16
2185	26	10	16
2186	26	10	16
2187	26	10	16
2188	26	10	16
2189	26	10	16
2190	26	10	16
2191	26	10	16
2192	26	10	16
2193	26	10	16
2194	26	10	16
2195	26	10	16
2196	26	10	16
2197	26	10	16
2198	26	10	16
2199	26	10	16
2200	26	10	16
2201	26	10	16
2202	26	10	16
2203	26	10	16
2204	26	10	16
2205	26	10	16
2206	26	10	16
2207	26	10	16
2208	26	10	16
2209	26	10	16
2210	26	10	16
2211	26	10	16
2212	26	10	16
2213	27	10	17
2214	27	10	17
2215	27	10	17
2216	27	10	17
2217	27	10	17
2218	27	10	17
2219	27	10	17
2220	27	10	17
2221	27	10	17
2222	27	10	17
2223	27	10	17
2224	27	10	17
2225	27	10	17
2226	27	10	17
2227	27	10	17
2228	27	10	17
2229	27	10	17
2230	27	10	17
2231	27	10	17
2232	28	10	18
2233	28	10	18
2234	28	10	18
2235	28	10	18
2236	28	10	18
2237	28	10	18
2238	28	10	18
2239	28	10	18
2240	28	10	18
2241	29	10	19
2242	29	10	19
2243	29	10	19
2244	29	10	19
2245	29	10	19
2246	29	10	19
2247	29	10	19
2248	29	10	19
2249	29	10	19
2250	29	10	19
2251	29	10	19
2252	29	10	19
2253	29	10	19
2254	29	10	19
2255	29	10	19
2256	29	10	19
2257	29	10	19
2258	29	10	19
2259	29	10	19
2260	29	10	19
2261	29	10	19
2262	29	10	19
2263	29	10	19
2264	29	10	19
2265	29	10	19
2266	29	10	19
2267	29	10	19
2268	29	10	19
2269	29	10	19
2270	29	10	19
2271	29	10	19
2272	29	10	19
2273	29	10	19
2274	30	10	20
2275	30	10	20
2276	30	10	20
2277	30	10	20
2278	30	10	20
2279	30	10	20
2280	30	10	20
2281	30	10	20
2282	30	10	20
2283	30	10	20
2284	30	10	20
2285	30	10	20
2286	30	10	20
2287	30	10	20
2288	30	10	20
2289	30	10	20
2290	30	10	20
2291	30	10	20
2292	30	10	20
2293	30	10	20
2294	30	10	20
2295	30	10	20
2296	30	10	20
2297	30	10	20
2298	30	10	20
2299	30	10	20
2300	30	10	20
2301	31	10	21
2302	31	10	21
2303	31	10	21
2304	31	10	21
2305	31	10	21
2306	31	10	21
2307	31	10	21
2308	31	10	21
2309	31	10	21
2310	31	10	21
2311	31	10	21
2312	31	10	21
2313	31	10	21
2314	31	10	21
2315	31	10	21
2316	31	10	21
2317	31	10	21
2318	31	10	21
2319	31	10	21
2320	31	10	21
2321	31	10	21
2322	31	10	21
2323	31	10	21
2324	31	10	21
2325	31	10	21
2326	31	10	21
2327	31	10	21
2328	31	10	21
2329	31	10	21
2330	31	10	21
2331	31	10	21
2332	31	10	21
2333	31	10	21
2334	31	10	21
2335	31	10	21
2336	31	10	21
2337	31	10	21
2338	31	10	21
2339	31	10	21
2340	31	10	21
2341	31	10	21
2342	31	10	21
2343	31	10	21
2344	31	10	21
2345	31	10	21
2346	31	10	21
2347	31	10	21
2348	31	10	21
2349	31	10	21
2350	31	10	21
2351	31	10	21
2352	31	10	21
2353	31	10	21
2354	31	10	21
2355	31	10	21
2356	31	10	21
2357	31	10	21
2358	31	10	21
2359	31	10	21
2360	31	10	21
2361	31	10	21
2362	31	10	21
2363	31	10	21
2364	31	10	21
2365	31	10	21
2366	31	10	21
2367	31	10	21
2368	31	10	21
2369	31	10	21
2370	31	10	21
2371	31	10	21
2372	31	10	21
2373	31	10	21
2374	31	10	21
2375	31	10	21
2376	31	10	21
2377	31	10	21
2378	31	10	21
2379	31	10	21
2380	31	10	21
2381	31	10	21
2382	31	10	21
2383	31	10	21
2384	31	10	21
2385	31	10	21
2386	31	10	21
2387	31	10	21
2388	31	10	21
2389	31	10	21
2390	31	10	21
2391	31	10	21
2392	31	10	21
2393	31	10	21
2394	31	10	21
2395	31	10	21
2396	31	10	21
2397	31	10	21
2398	31	10	21
2399	31	10	21
2400	31	10	21
2401	31	10	21
2402	31	10	21
2403	31	10	21
2404	31	10	21
2405	31	10	21
2406	31	10	21
2407	31	10	21
2408	31	10	21
2409	31	10	21
2410	31	10	21
2411	31	10	21
2412	31	10	21
2413	31	10	21
2414	31	10	21
2415	31	10	21
2416	31	10	21
2417	31	10	21
2418	31	10	21
2419	31	10	21
2420	31	10	21
2421	31	10	21
2422	31	10	21
2423	31	10	21
2424	31	10	21
2425	31	10	21
2426	31	10	21
2427	31	10	21
2428	31	10	21
2429	31	10	21
2430	31	10	21
2431	31	10	21
2432	31	10	21
2433	31	10	21
2434	31	10	21
2435	31	10	21
2436	31	10	21
2437	31	10	21
2438	31	10	21
2439	31	10	21
2440	31	10	21
2441	31	10	21
2442	31	10	21
2443	31	10	21
2444	31	10	21
2445	31	10	21
2446	31	10	21
2447	31	10	21
2448	31	10	21
2449	31	10	21
2450	31	10	21
2451	31	10	21
2452	31	10	21
2453	31	10	21
2454	31	10	21
2455	31	10	21
2456	31	10	21
2457	31	10	21
2458	31	10	21
2459	31	10	21
2460	31	10	21
2461	31	10	21
2462	31	10	21
2463	31	10	21
2464	31	10	21
2465	31	10	21
2466	31	10	21
2467	31	10	21
2468	31	10	21
2469	31	10	21
2470	31	10	21
2471	31	10	21
2472	31	10	21
2473	31	10	21
2474	31	10	21
2475	31	10	21
2476	31	10	21
2477	31	10	21
2478	31	10	21
2479	31	10	21
2480	31	10	21
2481	31	10	21
2482	31	10	21
2483	31	10	21
2484	31	10	21
2485	31	10	21
2486	31	10	21
2487	31	10	21
2488	31	10	21
2489	31	10	21
2490	31	10	21
2491	31	10	21
2492	31	10	21
2493	31	10	21
2494	31	10	21
2495	31	10	21
2496	31	10	21
2497	31	10	21
2498	31	10	21
2499	31	10	21
2500	31	10	21
2501	31	10	21
2502	31	10	21
2503	31	10	21
2504	31	10	21
2505	31	10	21
2506	31	10	21
2507	31	10	21
2508	31	10	21
2509	31	10	21
2510	31	10	21
2511	31	10	21
2512	31	10	21
2513	31	10	21
2514	31	10	21
2515	31	10	21
2516	31	10	21
2517	31	10	21
2518	31	10	21
2519	31	10	21
2520	31	10	21
2521	31	10	21
2522	31	10	21
2523	31	10	21
2524	31	10	21
2525	31	10	21
2526	31	10	21
2527	31	10	21
2528	31	10	21
2529	31	10	21
2530	31	10	21
2531	31	10	21
2532	31	10	21
2533	31	10	21
2534	31	10	21
2535	31	10	21
2536	31	10	21
2537	31	10	21
2538	31	10	21
2539	31	10	21
2540	31	10	21
2541	31	10	21
2542	31	10	21
2543	31	10	21
2544	31	10	21
2545	31	10	21
2546	31	10	21
2547	31	10	21
2548	31	10	21
2549	31	10	21
2550	31	10	21
2551	31	10	21
2552	31	10	21
2553	31	10	21
2554	31	10	21
2555	31	10	21
2556	31	10	21
2557	31	10	21
2558	31	10	21
2559	31	10	21
2560	31	10	21
2561	31	10	21
2562	31	10	21
2563	31	10	21
2564	31	10	21
2565	31	10	21
2566	31	10	21
2567	31	10	21
2568	31	10	21
2569	31	10	21
2570	31	10	21
2571	31	10	21
2572	31	10	21
2573	31	10	21
2574	31	10	21
2575	31	10	21
2576	31	10	21
2577	31	10	21
2578	31	10	21
2579	31	10	21
2580	31	10	21
2581	31	10	21
2582	31	10	21
2583	31	10	21
2584	31	10	21
2585	31	10	21
2586	31	10	21
2587	31	10	21
2588	31	10	21
2589	31	10	21
2590	31	10	21
2591	31	10	21
2592	31	10	21
2593	31	10	21
2594	31	10	21
2595	31	10	21
2596	31	10	21
2597	31	10	21
2598	31	10	21
2599	31	10	21
2600	31	10	21
2601	31	10	21
2602	31	10	21
2603	31	10	21
2604	31	10	21
2605	31	10	21
2606	31	10	21
2607	31	10	21
2608	31	10	21
2609	31	10	21
2610	31	10	21
2611	31	10	21
2612	31	10	21
2613	31	10	21
2614	31	10	21
2615	31	10	21
2616	31	10	21
2617	31	10	21
2618	31	10	21
2619	31	10	21
2620	31	10	21
2621	31	10	21
2622	31	10	21
2623	31	10	21
2624	31	10	21
2625	31	10	21
2626	31	10	21
2627	31	10	21
2628	31	10	21
2629	31	10	21
2630	31	10	21
2631	31	10	21
2632	31	10	21
2633	31	10	21
2634	31	10	21
2635	31	10	21
2636	31	10	21
2637	31	10	21
2638	31	10	21
2639	31	10	21
2640	31	10	21
2641	31	10	21
2642	31	10	21
2643	31	10	21
2644	31	10	21
2645	31	10	21
2646	31	10	21
2647	31	10	21
2648	31	10	21
2649	31	10	21
2650	31	10	21
2651	31	10	21
2652	31	10	21
2653	31	10	21
2654	31	10	21
2655	31	10	21
2656	31	10	21
2657	31	10	21
2658	31	10	21
2659	31	10	21
2660	31	10	21
2661	32	10	22
2662	32	10	22
2663	32	10	22
2664	32	10	22
2665	32	10	22
2666	32	10	22
2667	32	10	22
2668	32	10	22
2669	32	10	22
2670	32	10	22
2671	32	10	22
2672	32	10	22
2673	32	10	22
2674	32	10	22
2675	32	10	22
2676	32	10	22
2677	32	10	22
2678	32	10	22
2679	32	10	22
2680	32	10	22
2681	32	10	22
2682	32	10	22
2683	32	10	22
2684	32	10	22
2685	32	10	22
2686	32	10	22
2687	32	10	22
2688	32	10	22
2689	32	10	22
2690	32	10	22
2691	32	10	22
2692	32	10	22
2693	32	10	22
2694	32	10	22
2695	32	10	22
2696	32	10	22
2697	32	10	22
2698	32	10	22
2699	32	10	22
2700	32	10	22
2701	32	10	22
2702	32	10	22
2703	32	10	22
2704	32	10	22
2705	32	10	22
2706	32	10	22
2707	32	10	22
2708	32	10	22
2709	32	10	22
2710	32	10	22
2711	32	10	22
2712	32	10	22
2713	32	10	22
2714	32	10	22
2715	32	10	22
2716	32	10	22
2717	32	10	22
2718	32	10	22
2719	32	10	22
2720	32	10	22
2721	32	10	22
2722	32	10	22
2723	32	10	22
2724	32	10	22
2725	32	10	22
2726	32	10	22
2727	32	10	22
2728	32	10	22
2729	32	10	22
2730	32	10	22
2731	32	10	22
2732	32	10	22
2733	32	10	22
2734	32	10	22
2735	32	10	22
2736	32	10	22
2737	32	10	22
2738	32	10	22
2739	32	10	22
2740	32	10	22
2741	32	10	22
2742	32	10	22
2743	32	10	22
2744	32	10	22
2745	32	10	22
2746	32	10	22
2747	32	10	22
2748	32	10	22
2749	32	10	22
2750	32	10	22
2751	32	10	22
2752	32	10	22
2753	32	10	22
2754	32	10	22
2755	32	10	22
2756	32	10	22
2757	32	10	22
2758	32	10	22
2759	32	10	22
2760	32	10	22
2761	32	10	22
2762	32	10	22
2763	32	10	22
2764	32	10	22
2765	33	10	23
2766	33	10	23
2767	33	10	23
2768	33	10	23
2769	33	10	23
2770	33	10	23
2771	33	10	23
2772	33	10	23
2773	33	10	23
2774	33	10	23
2775	33	10	23
2776	33	10	23
2777	33	10	23
2778	33	10	23
2779	33	10	23
2780	33	10	23
2781	33	10	23
2782	33	10	23
2783	33	10	23
2784	33	10	23
2785	33	10	23
2786	33	10	23
2787	33	10	23
2788	33	10	23
2789	33	10	23
2790	33	10	23
2791	33	10	23
2792	33	10	23
2793	33	10	23
2794	33	10	23
2795	33	10	23
2796	33	10	23
2797	33	10	23
2798	33	10	23
2799	33	10	23
2800	33	10	23
2801	33	10	23
2802	33	10	23
2803	33	10	23
2804	33	10	23
2805	33	10	23
2806	33	10	23
2807	33	10	23
2808	33	10	23
2809	33	10	23
2810	33	10	23
2811	33	10	23
2812	33	10	23
2813	33	10	23
2814	33	10	23
2815	33	10	23
2816	33	10	23
2817	33	10	23
2818	33	10	23
2819	33	10	23
2820	33	10	23
2821	33	10	23
2822	33	10	23
2823	33	10	23
2824	33	10	23
2825	33	10	23
2826	33	10	23
2827	33	10	23
2828	33	10	23
2829	33	10	23
2830	33	10	23
2831	33	10	23
2832	33	10	23
2833	33	10	23
2834	33	10	23
2835	33	10	23
2836	33	10	23
2837	33	10	23
2838	33	10	23
2839	33	10	23
2840	33	10	23
2841	33	10	23
2842	33	10	23
2843	33	10	23
2844	33	10	23
2845	33	10	23
2846	33	10	23
2847	33	10	23
2848	33	10	23
2849	33	10	23
2850	33	10	23
2851	33	10	23
2852	33	10	23
2853	33	10	23
2854	33	10	23
2855	33	10	23
2856	33	10	23
2857	33	10	23
2858	33	10	23
2859	33	10	23
2860	33	10	23
2861	33	10	23
2862	33	10	23
2863	33	10	23
2864	33	10	23
2865	33	10	23
2866	33	10	23
2867	33	10	23
2868	33	10	23
2869	33	10	23
2870	33	10	23
2871	33	10	23
2872	33	10	23
2873	33	10	23
2874	33	10	23
2875	33	10	23
2876	33	10	23
2877	33	10	23
2878	33	10	23
2879	33	10	23
2880	33	10	23
2881	33	10	23
2882	33	10	23
2883	33	10	23
2884	33	10	23
2885	33	10	23
2886	33	10	23
2887	33	10	23
2888	33	10	23
2889	33	10	23
2890	33	10	23
2891	33	10	23
2892	33	10	23
2893	33	10	23
2894	33	10	23
2895	33	10	23
2896	33	10	23
2897	33	10	23
2898	33	10	23
2899	33	10	23
2900	33	10	23
2901	33	10	23
2902	33	10	23
2903	33	10	23
2904	33	10	23
2905	33	10	23
2906	33	10	23
2907	33	10	23
2908	33	10	23
2909	33	10	23
2910	33	10	23
2911	33	10	23
2912	33	10	23
2913	33	10	23
2914	33	10	23
2915	33	10	23
2916	33	10	23
2917	33	10	23
2918	33	10	23
2919	33	10	23
2920	33	10	23
2921	33	10	23
2922	33	10	23
2923	33	10	23
2924	33	10	23
2925	33	10	23
2926	33	10	23
2927	33	10	23
2928	33	10	23
2929	33	10	23
2930	34	10	24
2931	34	10	24
2932	34	10	24
2933	34	10	24
2934	34	10	24
2935	34	10	24
2936	34	10	24
2937	34	10	24
2938	34	10	24
2939	34	10	24
2940	34	10	24
2941	35	10	25
2942	35	10	25
2943	35	10	25
2944	35	10	25
2945	35	10	25
2946	35	10	25
2947	35	10	25
2948	35	10	25
2949	35	10	25
2950	35	10	25
2951	35	10	25
2952	35	10	25
2953	35	10	25
2954	35	10	25
2955	35	10	25
2956	35	10	25
2957	35	10	25
2958	35	10	25
2959	35	10	25
2960	35	10	25
2961	35	10	25
2962	35	10	25
2963	35	10	25
2964	35	10	25
2965	35	10	25
2966	35	10	25
2967	35	10	25
2968	35	10	25
2969	35	10	25
2970	35	10	25
2971	35	10	25
2972	35	10	25
2973	35	10	25
2974	35	10	25
2975	35	10	25
2976	35	10	25
2977	35	10	25
2978	35	10	25
2979	35	10	25
2980	35	10	25
2981	35	10	25
2982	35	10	25
2983	35	10	25
2984	35	10	25
2985	35	10	25
2986	35	10	25
2987	35	10	25
2988	35	10	25
2989	35	10	25
2990	35	10	25
2991	35	10	25
2992	35	10	25
2993	35	10	25
2994	35	10	25
2995	35	10	25
2996	35	10	25
2997	35	10	25
2998	35	10	25
2999	35	10	25
3000	35	10	25
3001	35	10	25
3002	35	10	25
3003	35	10	25
3004	35	10	25
3005	35	10	25
3006	35	10	25
3007	35	10	25
3008	35	10	25
3009	35	10	25
3010	35	10	25
3011	35	10	25
3012	35	10	25
3013	35	10	25
3014	35	10	25
3015	35	10	25
3016	35	10	25
3017	36	10	26
3018	36	10	26
3019	36	10	26
3020	36	10	26
3021	36	10	26
3022	36	10	26
3023	36	10	26
3024	36	10	26
3025	36	10	26
3026	36	10	26
3027	36	10	26
3028	36	10	26
3029	36	10	26
3030	36	10	26
3031	36	10	26
3032	36	10	26
3033	36	10	26
3034	36	10	26
3035	36	10	26
3036	36	10	26
3037	36	10	26
3038	36	10	26
3039	36	10	26
3040	36	10	26
3041	36	10	26
3042	36	10	26
3043	36	10	26
3044	36	10	26
3045	36	10	26
3046	36	10	26
3047	36	10	26
3048	36	10	26
3049	36	10	26
3050	36	10	26
3051	36	10	26
3052	36	10	26
3053	36	10	26
3054	36	10	26
3055	36	10	26
3056	36	10	26
3057	36	10	26
3058	36	10	26
3059	36	10	26
3060	36	10	26
3061	36	10	26
3062	36	10	26
3063	35	10	25
3064	35	10	25
3065	35	10	25
3066	35	10	25
3067	35	10	25
3068	35	10	25
3069	35	10	25
3070	35	10	25
3071	36	10	26
3072	36	10	26
3073	36	10	26
3074	36	10	26
3075	36	10	26
3076	36	10	26
3077	36	10	26
3078	36	10	26
3079	36	10	26
3080	36	10	26
3081	36	10	26
3082	36	10	26
3083	36	10	26
3084	36	10	26
3085	36	10	26
3086	36	10	26
3087	36	10	26
3088	36	10	26
3089	36	10	26
3090	36	10	26
3091	36	10	26
3092	36	10	26
3093	36	10	26
3094	36	10	26
3095	36	10	26
3096	36	10	26
3097	36	10	26
3098	36	10	26
3099	36	10	26
3100	36	10	26
3101	36	10	26
3102	36	10	26
3103	36	10	26
3104	36	10	26
3105	36	10	26
3106	36	10	26
3107	36	10	26
3108	36	10	26
3109	36	10	26
3110	36	10	26
3111	36	10	26
3112	36	10	26
3113	36	10	26
3114	36	10	26
3115	36	10	26
3116	36	10	26
3117	36	10	26
3118	36	10	26
3119	36	10	26
3120	36	9	27
3121	36	9	27
3122	36	9	27
3123	36	9	27
3124	36	9	27
3125	36	9	27
3126	36	9	27
3127	36	9	27
3128	36	9	27
3129	36	9	27
3130	36	9	27
3131	36	9	27
3132	36	9	27
3133	36	9	27
3134	36	9	27
3135	36	9	27
3136	36	9	27
3137	36	9	27
3138	36	9	27
3139	36	9	27
3140	36	9	27
3141	36	9	27
3142	36	9	27
3143	36	9	27
3144	36	9	27
3145	36	9	27
3146	36	9	27
3147	36	9	27
3148	36	8	28
3149	36	8	28
3150	36	8	28
3151	36	8	28
3152	36	8	28
3153	36	8	28
3154	36	8	28
3155	36	8	28
3156	36	8	28
3157	36	8	28
3158	36	8	28
3159	36	8	28
3160	36	8	28
3161	36	8	28
3162	36	8	28
3163	36	8	28
3164	36	8	28
3165	36	8	28
3166	36	8	28
3167	36	8	28
3168	36	8	28
3169	36	8	28
3170	36	8	28
3171	36	8	28
3172	36	8	28
3173	36	8	28
3174	37	8	29
3175	37	8	29
3176	37	8	29
3177	37	8	29
3178	37	8	29
3179	37	8	29
3180	37	8	29
3181	37	8	29
3182	37	8	29
3183	37	8	29
3184	37	8	29
3185	37	8	29
3186	37	8	29
3187	37	8	29
3188	37	8	29
3189	37	8	29
3190	37	8	29
3191	37	8	29
3192	37	8	29
3193	37	8	29
3194	37	8	29
3195	37	8	29
3196	37	8	29
3197	37	8	29
3198	37	8	29
3199	37	8	29
3200	37	8	29
3201	37	8	29
3202	37	8	29
3203	37	8	29
3204	37	8	29
3205	37	8	29
3206	37	8	29
3207	37	8	29
3208	37	8	29
3209	37	8	29
3210	37	8	29
3211	37	8	29
3212	37	8	29
3213	37	8	29
3214	37	8	29
3215	37	8	29
3216	37	8	29
3217	37	8	29
3218	37	8	29
3219	37	8	29
3220	37	8	29
3221	37	8	29
3222	37	8	29
3223	37	8	29
3224	37	8	29
3225	37	8	29
3226	37	8	29
3227	37	8	29
3228	37	8	29
3229	37	8	29
3230	37	8	29
3231	37	8	29
3232	37	8	29
3233	37	8	29
3234	36	8	28
3235	36	8	28
3236	36	8	28
3237	36	8	28
3238	36	8	28
3239	36	8	28
3240	36	8	28
3241	36	8	28
3242	36	8	28
3243	36	8	28
3244	36	8	28
3245	36	8	28
3246	36	8	28
3247	36	8	28
3248	36	8	28
3249	36	8	28
3250	36	8	28
3251	36	8	28
3252	36	8	28
3253	36	8	28
3254	36	8	28
3255	36	8	28
3256	36	8	28
3257	36	8	28
3258	36	8	28
3259	36	8	28
3260	36	8	28
3261	36	8	28
3262	36	8	28
3263	36	8	28
3264	36	8	28
3265	36	8	28
3266	36	8	28
3267	36	8	28
3268	36	8	28
3269	36	8	28
3270	36	8	28
3271	36	8	28
3272	36	8	28
3273	36	8	28
3274	36	8	28
3275	36	8	28
3276	36	8	28
3277	36	8	28
3278	36	8	28
3279	36	8	28
3280	36	8	28
3281	36	8	28
3282	36	8	28
3283	36	8	28
3284	36	8	28
3285	36	8	28
3286	36	8	28
3287	36	8	28
3288	36	8	28
3289	36	8	28
3290	36	8	28
3291	36	8	28
3292	36	8	28
3293	36	8	28
3294	36	8	28
3295	36	8	28
3296	36	8	28
3297	36	8	28
3298	36	8	28
3299	36	8	28
3300	36	8	28
3301	36	8	28
3302	36	8	28
3303	36	8	28
3304	36	8	28
3305	37	8	29
3306	37	8	29
3307	37	8	29
3308	37	8	29
3309	37	8	29
3310	37	8	29
3311	37	8	29
3312	38	8	30
3313	38	8	30
3314	38	8	30
3315	38	8	30
3316	38	8	30
3317	38	8	30
3318	38	8	30
3319	38	8	30
3320	38	8	30
3321	38	8	30
3322	38	8	30
3323	38	8	30
3324	38	7	31
3325	38	7	31
3326	38	7	31
3327	38	7	31
3328	38	7	31
3329	38	7	31
3330	38	7	31
3331	38	7	31
3332	38	7	31
3333	38	7	31
3334	38	7	31
3335	38	7	31
3336	38	7	31
3337	38	7	31
3338	38	7	31
3339	38	7	31
3340	38	7	31
3341	38	7	31
3342	38	7	31
3343	38	7	31
3344	38	7	31
3345	38	7	31
3346	38	7	31
3347	38	7	31
3348	38	7	31
3349	38	7	31
3350	38	7	31
3351	38	7	31
3352	38	7	31
3353	38	7	31
3354	38	7	31
3355	38	7	31
3356	38	7	31
3357	38	7	31
3358	38	7	31
3359	38	7	31
3360	38	7	31
3361	38	7	31
3362	38	7	31
3363	38	7	31
3364	38	7	31
3365	38	7	31
3366	38	7	31
3367	38	7	31
3368	38	7	31
3369	38	7	31
3370	38	7	31
3371	38	7	31
3372	38	7	31
3373	38	7	31
3374	38	7	31
3375	38	7	31
3376	38	7	31
3377	38	7	31
3378	38	7	31
3379	38	7	31
3380	38	7	31
3381	38	7	31
3382	38	7	31
3383	38	7	31
3384	38	7	31
3385	38	7	31
3386	38	7	31
3387	38	7	31
3388	38	7	31
3389	38	7	31
3390	38	7	31
3391	38	7	31
3392	38	7	31
3393	38	7	31
3394	38	7	31
3395	38	7	31
3396	38	7	31
3397	38	7	31
3398	38	7	31
3399	38	7	31
3400	38	7	31
3401	38	7	31
3402	38	7	31
3403	38	7	31
3404	38	7	31
3405	38	7	31
3406	38	7	31
3407	38	7	31
3408	38	7	31
3409	38	7	31
3410	38	7	31
3411	38	7	31
3412	38	7	31
3413	38	7	31
3414	38	7	31
3415	38	7	31
3416	38	7	31
3417	38	7	31
3418	38	7	31
3419	38	7	31
3420	38	7	31
3421	38	7	31
3422	38	7	31
3423	38	7	31
3424	38	7	31
3425	38	7	31
3426	38	7	31
3427	38	7	31
3428	38	7	31
3429	38	7	31
3430	38	7	31
3431	38	7	31
3432	38	7	31
3433	38	7	31
3434	38	7	31
3435	38	7	31
3436	38	7	31
3437	38	7	31
3438	38	7	31
3439	38	7	31
3440	38	7	31
3441	38	7	31
3442	38	7	31
3443	38	7	31
3444	38	7	31
3445	38	7	31
3446	38	7	31
3447	38	7	31
3448	38	7	31
3449	38	6	32
3450	38	6	32
3451	38	6	32
3452	38	6	32
3453	38	6	32
3454	38	6	32
3455	38	6	32
3456	38	6	32
3457	38	6	32
3458	38	6	32
3459	38	6	32
3460	38	6	32
3461	38	6	32
3462	38	6	32
3463	38	6	32
3464	38	6	32
3465	38	6	32
3466	38	6	32
3467	38	6	32
3468	38	6	32
3469	38	6	32
3470	38	6	32
3471	38	6	32
3472	38	6	32
3473	38	6	32
3474	38	6	32
3475	38	6	32
3476	38	6	32
3477	38	6	32
3478	38	6	32
3479	38	6	32
3480	38	6	32
3481	38	6	32
3482	38	6	32
3483	38	6	32
3484	38	6	32
3485	38	6	32
3486	38	6	32
3487	38	6	32
3488	38	6	32
3489	38	6	32
3490	38	6	32
3491	38	6	32
3492	38	6	32
3493	38	6	32
3494	38	6	32
3495	38	6	32
3496	38	6	32
3497	38	6	32
3498	38	6	32
3499	38	6	32
3500	38	6	32
3501	38	6	32
3502	38	6	32
3503	38	6	32
3504	38	6	32
3505	38	6	32
3506	38	6	32
3507	38	6	32
3508	38	6	32
3509	38	6	32
3510	38	6	32
3511	38	6	32
3512	38	6	32
3513	38	6	32
3514	38	6	32
3515	38	6	32
3516	38	6	32
3517	38	6	32
3518	38	6	32
3519	38	6	32
3520	38	6	32
3521	38	6	32
3522	38	6	32
3523	38	6	32
3524	38	6	32
3525	38	6	32
3526	38	6	32
3527	38	6	32
3528	39	6	33
3529	39	6	33
3530	39	6	33
3531	39	6	33
3532	39	6	33
3533	39	6	33
3534	39	6	33
3535	39	6	33
3536	39	6	33
3537	39	6	33
3538	39	6	33
3539	39	6	33
3540	39	6	33
3541	39	6	33
3542	39	6	33
3543	39	6	33
3544	39	6	33
3545	39	6	33
3546	39	6	33
3547	39	6	33
3548	39	6	33
3549	39	6	33
3550	39	6	33
3551	39	6	33
3552	39	6	33
3553	39	6	33
3554	39	6	33
3555	39	6	33
3556	39	6	33
3557	39	6	33
3558	39	6	33
3559	39	6	33
3560	39	6	33
3561	39	6	33
3562	39	6	33
3563	39	6	33
3564	39	6	33
3565	39	6	33
3566	39	6	33
3567	39	6	33
3568	39	6	33
3569	39	6	33
3570	39	6	33
3571	39	6	33
3572	39	6	33
3573	39	6	33
3574	39	6	33
3575	39	6	33
3576	39	6	33
3577	39	6	33
3578	39	6	33
3579	39	6	33
3580	39	6	33
3581	39	6	33
3582	39	6	33
3583	39	6	33
3584	39	6	33
3585	39	6	33
3586	39	6	33
3587	39	6	33
3588	39	6	33
3589	39	6	33
3590	39	6	33
3591	39	6	33
3592	39	6	33
3593	39	6	33
3594	39	6	33
3595	39	6	33
3596	39	6	33
3597	39	6	33
3598	39	6	33
3599	39	6	33
3600	39	6	33
3601	39	6	33
3602	39	6	33
3603	39	6	33
3604	39	6	33
3605	39	6	33
3606	39	6	33
3607	39	6	33
3608	39	6	33
3609	39	6	33
3610	39	6	33
3611	39	6	33
3612	39	6	33
3613	39	6	33
3614	39	6	33
3615	39	6	33
3616	39	6	33
3617	39	6	33
3618	39	6	33
3619	39	6	33
3620	39	6	33
3621	39	6	33
3622	39	6	33
3623	39	6	33
3624	39	6	33
3625	39	6	33
3626	39	6	33
3627	39	6	33
3628	39	6	33
3629	39	6	33
3630	39	6	33
3631	39	6	33
3632	39	6	33
3633	39	6	33
3634	39	6	33
3635	39	6	33
3636	39	6	33
3637	39	6	33
3638	39	6	33
3639	39	6	33
3640	39	6	33
3641	39	6	33
3642	39	6	33
3643	39	6	33
3644	39	5	34
3645	39	5	34
3646	39	5	34
3647	39	5	34
3648	39	5	34
3649	39	5	34
3650	39	5	34
3651	39	5	34
3652	39	5	34
3653	39	5	34
3654	39	5	34
3655	39	5	34
3656	39	5	34
3657	39	5	34
3658	39	5	34
3659	39	5	34
3660	39	5	34
3661	39	5	34
3662	39	5	34
3663	39	5	34
3664	39	5	34
3665	39	5	34
3666	39	5	34
3667	39	5	34
3668	39	5	34
3669	39	5	34
3670	39	5	34
3671	39	5	34
3672	39	5	34
3673	39	5	34
3674	39	5	34
3675	39	5	34
3676	39	5	34
3677	39	5	34
3678	39	5	34
3679	39	5	34
3680	39	5	34
3681	39	5	34
3682	39	5	34
3683	39	5	34
3684	39	5	34
3685	39	5	34
3686	40	5	35
3687	40	5	35
3688	40	5	35
3689	40	5	35
3690	40	5	35
3691	40	5	35
3692	40	5	35
3693	40	5	35
3694	40	5	35
3695	40	5	35
3696	40	5	35
3697	40	5	35
3698	40	5	35
3699	40	5	35
3700	40	5	35
3701	40	5	35
3702	40	5	35
3703	40	5	35
3704	40	5	35
3705	40	5	35
3706	40	5	35
3707	40	5	35
3708	40	5	35
3709	40	5	35
3710	40	5	35
3711	40	5	35
3712	40	5	35
3713	40	5	35
3714	40	5	35
3715	40	5	35
3716	40	5	35
3717	40	5	35
3718	40	5	35
3719	40	5	35
3720	40	5	35
3721	40	5	35
3722	40	5	35
3723	40	5	35
3724	40	5	35
3725	40	5	35
3726	40	5	35
3727	40	5	35
3728	40	5	35
3729	40	5	35
3730	40	5	35
3731	40	5	35
3732	40	5	35
3733	40	5	35
3734	40	5	35
3735	40	5	35
3736	40	5	35
3737	40	5	35
3738	40	5	35
3739	40	5	35
3740	40	5	35
3741	40	5	35
3742	40	5	35
3743	40	5	35
3744	40	5	35
3745	40	5	35
3746	40	5	35
3747	40	5	35
3748	40	5	35
3749	40	5	35
3750	40	5	35
3751	40	5	35
3752	40	5	35
3753	40	5	35
3754	40	5	35
3755	40	5	35
3756	40	5	35
3757	40	5	35
3758	40	5	35
3759	40	5	35
3760	40	5	35
3761	40	5	35
3762	40	5	35
3763	40	5	35
3764	40	5	35
3765	40	5	35
3766	40	5	35
3767	40	5	35
3768	40	5	35
3769	40	5	35
3770	40	5	35
3771	40	5	35
3772	40	5	35
3773	40	5	35
3774	40	5	35
3775	40	5	35
3776	40	5	35
3777	40	5	35
3778	40	5	35
3779	40	5	35
3780	40	5	35
3781	40	5	35
3782	40	5	35
3783	40	5	35
3784	40	5	35
3785	40	5	35
3786	40	5	35
3787	40	5	35
3788	40	5	35
3789	40	5	35
3790	40	5	35
3791	40	5	35
3792	40	5	35
3793	40	5	35
3794	40	5	35
3795	40	5	35
3796	40	5	35
3797	40	5	35
3798	40	5	35
3799	40	5	35
3800	40	5	35
3801	40	5	35
3802	40	5	35
3803	40	5	35
3804	40	5	35
3805	40	5	35
3806	40	5	35
3807	40	5	35
3808	40	5	35
3809	40	5	35
3810	40	5	35
3811	40	5	35
3812	40	5	35
3813	40	5	35
3814	40	5	35
3815	40	5	35
3816	40	5	35
3817	40	5	35
3818	40	5	35
3819	40	5	35
3820	40	5	35
3821	40	5	35
3822	40	5	35
3823	40	5	35
3824	40	5	35
3825	40	5	35
3826	40	5	35
3827	40	5	35
3828	40	5	35
3829	40	5	35
3830	40	5	35
3831	40	5	35
3832	40	5	35
3833	40	5	35
3834	40	5	35
3835	40	5	35
3836	40	5	35
3837	40	5	35
3838	40	5	35
3839	40	5	35
3840	40	5	35
3841	40	5	35
3842	40	5	35
3843	40	5	35
3844	40	5	35
3845	40	5	35
3846	40	5	35
3847	40	5	35
3848	40	5	35
3849	40	5	35
3850	40	5	35
3851	40	5	35
3852	40	5	35
3853	40	5	35
3854	40	5	35
3855	40	5	35
3856	40	5	35
3857	40	5	35
3858	40	5	35
3859	40	5	35
3860	40	5	35
3861	40	5	35
3862	40	5	35
3863	40	5	35
3864	40	5	35
3865	40	5	35
3866	40	5	35
3867	40	5	35
3868	40	5	35
3869	40	5	35
3870	40	5	35
3871	40	5	35
3872	40	5	35
3873	40	5	35
3874	40	5	35
3875	40	5	35
3876	40	5	35
3877	40	5	35
3878	40	5	35
3879	40	5	35
3880	40	5	35
3881	40	5	35
3882	40	5	35
3883	40	5	35
3884	40	5	35
3885	40	5	35
3886	40	5	35
3887	40	5	35
3888	40	5	35
3889	40	5	35
3890	40	5	35
3891	40	5	35
3892	40	5	35
3893	40	5	35
3894	40	5	35
3895	40	5	35
3896	40	5	35
3897	40	5	35
3898	40	5	35
3899	40	5	35
3900	40	5	35
3901	40	5	35
3902	40	5	35
3903	40	5	35
3904	40	5	35
3905	40	5	35
3906	40	5	35
3907	40	5	35
3908	40	5	35
3909	40	5	35
3910	40	5	35
3911	40	5	35
3912	40	5	35
3913	40	5	35
3914	40	5	35
3915	40	5	35
3916	40	5	35
3917	40	5	35
3918	40	5	35
3919	40	5	35
3920	40	5	35
3921	40	5	35
3922	40	5	35
3923	40	5	35
3924	40	5	35
3925	40	5	35
3926	40	5	35
3927	40	5	35
3928	40	5	35
3929	40	5	35
3930	40	5	35
3931	40	5	35
3932	40	5	35
3933	40	5	35
3934	40	5	35
3935	40	5	35
3936	40	5	35
3937	40	5	35
3938	40	5	35
3939	40	5	35
3940	40	5	35
3941	40	5	35
3942	40	5	35
3943	40	5	35
3944	40	5	35
3945	40	5	35
3946	40	5	35
3947	40	5	35
3948	40	5	35
3949	40	5	35
3950	40	5	35
3951	40	5	35
3952	40	5	35
3953	40	5	35
3954	40	5	35
3955	40	5	35
3956	40	5	35
3957	40	5	35
3958	40	5	35
3959	40	5	35
3960	40	5	35
3961	40	5	35
3962	40	5	35
3963	40	5	35
3964	40	5	35
3965	40	5	35
3966	40	5	35
3967	40	5	35
3968	40	5	35
3969	40	5	35
3970	40	5	35
3971	40	5	35
3972	40	5	35
3973	40	5	35
3974	40	5	35
3975	40	5	35
3976	40	5	35
3977	40	5	35
3978	40	5	35
3979	40	5	35
3980	40	5	35
3981	40	4	36
3982	40	4	36
3983	40	4	36
3984	40	4	36
3985	40	4	36
3986	40	4	36
3987	40	4	36
3988	40	4	36
3989	40	4	36
3990	40	4	36
3991	40	4	36
3992	40	4	36
3993	40	4	36
3994	40	4	36
3995	40	4	36
3996	40	4	36
3997	40	4	36
3998	40	4	36
3999	40	4	36
4000	40	4	36
4001	40	4	36
4002	40	4	36
4003	40	4	36
4004	40	4	36
4005	40	4	36
4006	40	4	36
4007	40	4	36
4008	40	4	36
4009	40	4	36
4010	40	4	36
4011	40	4	36
4012	40	4	36
4013	40	4	36
4014	40	4	36
4015	38	4	34
4016	38	4	34
4017	38	4	34
4018	38	4	34
4019	38	4	34
4020	38	4	34
4021	38	4	34
4022	38	4	34
4023	38	4	34
4024	38	4	34
4025	38	4	34
4026	38	4	34
4027	38	4	34
4028	38	4	34
4029	38	4	34
4030	38	4	34
4031	38	4	34
4032	38	4	34
4033	38	4	34
4034	38	4	34
4035	38	4	34
4036	38	4	34
4037	38	4	34
4038	38	4	34
4039	38	4	34
4040	38	4	34
4041	38	4	34
4042	38	4	34
4043	38	4	34
4044	38	4	34
4045	38	4	34
4046	38	4	34
4047	38	4	34
4048	38	4	34
4049	38	4	34
4050	39	4	35
4051	39	4	35
4052	39	4	35
4053	39	4	35
4054	39	4	35
4055	39	4	35
4056	39	4	35
4057	39	4	35
4058	39	4	35
4059	39	4	35
4060	39	4	35
4061	39	4	35
4062	39	4	35
4063	39	4	35
4064	39	4	35
4065	39	4	35
4066	39	4	35
4067	39	4	35
4068	39	4	35
4069	39	4	35
4070	39	4	35
4071	39	4	35
4072	39	4	35
4073	39	4	35
4074	39	4	35
4075	39	4	35
4076	39	4	35
4077	39	4	35
4078	39	4	35
4079	39	4	35
4080	39	4	35
4081	39	4	35
4082	39	4	35
4083	39	4	35
4084	39	4	35
4085	39	4	35
4086	39	4	35
4087	39	4	35
4088	39	4	35
4089	39	4	35
4090	39	4	35
4091	39	4	35
4092	39	4	35
4093	39	4	35
4094	39	4	35
4095	39	4	35
4096	39	4	35
4097	39	4	35
4098	39	4	35
4099	39	4	35
4100	39	4	35
4101	39	4	35
4102	39	4	35
4103	39	4	35
4104	39	4	35
4105	39	4	35
4106	39	4	35
4107	39	4	35
4108	39	4	35
4109	39	4	35
4110	39	4	35
4111	39	4	35
4112	39	4	35
4113	39	4	35
4114	39	4	35
4115	39	4	35
4116	39	4	35
4117	39	4	35
4118	39	4	35
4119	39	4	35
4120	39	4	35
4121	39	4	35
4122	39	4	35
4123	39	4	35
4124	39	4	35
4125	39	4	35
4126	39	4	35
4127	39	4	35
4128	39	4	35
4129	39	4	35
4130	39	4	35
4131	39	4	35
4132	39	4	35
4133	39	4	35
4134	39	4	35
4135	39	4	35
4136	39	4	35
4137	39	4	35
4138	39	4	35
4139	39	4	35
4140	39	4	35
4141	39	4	35
4142	39	4	35
4143	39	4	35
4144	39	4	35
4145	39	4	35
4146	39	4	35
4147	39	4	35
4148	39	4	35
4149	39	4	35
4150	39	4	35
4151	39	4	35
4152	39	4	35
4153	39	3	36
4154	39	3	36
4155	39	3	36
4156	39	3	36
4157	39	3	36
4158	39	3	36
4159	39	3	36
4160	39	3	36
4161	39	3	36
4162	39	3	36
4163	39	3	36
4164	39	3	36
4165	39	3	36
4166	39	3	36
4167	39	3	36
4168	39	3	36
4169	39	3	36
4170	39	3	36
4171	39	3	36
4172	39	3	36
4173	39	3	36
4174	39	3	36
4175	39	3	36
4176	39	3	36
4177	39	3	36
4178	39	3	36
4179	39	3	36
4180	39	3	36
4181	39	3	36
4182	39	3	36
4183	39	3	36
4184	39	3	36
4185	39	3	36
4186	39	3	36
4187	39	3	36
4188	39	3	36
4189	39	3	36
4190	39	3	36
4191	39	3	36
4192	39	3	36
4193	39	3	36
4194	39	3	36
4195	39	3	36
4196	39	3	36
4197	39	3	36
4198	39	3	36
4199	39	3	36
4200	39	3	36
4201	39	3	36
4202	39	3	36
4203	39	3	36
4204	39	3	36
4205	39	3	36
4206	39	3	36
4207	39	3	36
4208	39	3	36
4209	39	3	36
4210	39	3	36
4211	39	3	36
4212	39	3	36
4213	39	3	36
4214	39	3	36
4215	39	3	36
4216	39	3	36
4217	39	3	36
4218	39	3	36
4219	39	3	36
4220	39	3	36
4221	39	3	36
4222	39	3	36
4223	39	3	36
4224	39	3	36
4225	39	3	36
4226	39	3	36
4227	39	3	36
4228	39	3	36
4229	39	3	36
4230	39	3	36
4231	39	3	36
4232	39	3	36
4233	39	3	36
4234	39	3	36
4235	39	3	36
4236	39	3	36
4237	39	3	36
4238	39	3	36
4239	39	3	36
4240	39	3	36
4241	39	3	36
4242	39	3	36
4243	39	3	36
4244	39	3	36
4245	39	3	36
4246	39	3	36
4247	39	3	36
4248	39	3	36
4249	39	3	36
4250	39	3	36
4251	39	3	36
4252	39	3	36
4253	39	3	36
4254	39	3	36
4255	39	3	36
4256	39	3	36
4257	39	3	36
4258	39	3	36
4259	39	3	36
4260	39	3	36
4261	39	3	36
4262	39	3	36
4263	39	3	36
4264	39	3	36
4265	39	3	36
4266	39	3	36
4267	39	3	36
4268	39	3	36
4269	39	3	36
4270	39	3	36
4271	39	3	36
4272	39	3	36
4273	39	3	36
4274	39	3	36
4275	39	3	36
4276	39	3	36
4277	39	3	36
4278	39	3	36
4279	39	3	36
4280	40	3	37
4281	40	3	37
4282	40	3	37
4283	40	3	37
4284	40	3	37
4285	40	3	37
4286	40	3	37
4287	40	3	37
4288	40	3	37
4289	40	3	37
4290	40	3	37
4291	40	3	37
4292	40	3	37
4293	40	3	37
4294	40	3	37
4295	40	3	37
4296	40	3	37
4297	40	3	37
4298	40	3	37
4299	40	3	37
4300	40	3	37
4301	40	3	37
4302	40	3	37
4303	40	3	37
4304	40	3	37
4305	40	3	37
4306	40	3	37
4307	40	3	37
4308	40	3	37
4309	40	3	37
4310	40	3	37
4311	40	3	37
4312	40	3	37
4313	40	3	37
4314	40	3	37
4315	40	3	37
4316	40	3	37
4317	40	3	37
4318	40	3	37
4319	40	3	37
4320	40	3	37
4321	40	3	37
4322	40	3	37
4323	40	3	37
4324	40	3	37
4325	40	3	37
4326	40	3	37
4327	40	3	37
4328	40	3	37
4329	40	3	37
4330	40	3	37
4331	40	3	37
4332	40	3	37
4333	40	3	37
4334	40	3	37
4335	40	3	37
4336	40	3	37
4337	40	3	37
4338	40	3	37
4339	40	3	37
4340	40	3	37
4341	40	3	37
4342	40	3	37
4343	40	3	37
4344	40	3	37
4345	40	3	37
4346	40	3	37
4347	40	3	37
4348	40	3	37
4349	40	3	37
4350	40	3	37
4351	40	3	37
4352	40	3	37
4353	40	3	37
4354	40	3	37
4355	40	3	37
4356	40	3	37
4357	40	3	37
4358	40	3	37
4359	40	3	37
4360	40	3	37
4361	40	3	37
4362	40	3	37
4363	40	3	37
4364	40	3	37
4365	40	3	37
4366	40	3	37
4367	40	3	37
4368	40	3	37
4369	40	3	37
4370	40	3	37
4371	41	3	38
4372	41	3	38
4373	41	3	38
4374	41	3	38
4375	41	3	38
4376	41	3	38
4377	41	3	38
4378	41	3	38
4379	41	3	38
4380	41	3	38
4381	41	3	38
4382	41	3	38
4383	41	3	38
4384	41	3	38
4385	41	3	38
4386	41	3	38
4387	41	3	38
4388	41	3	38
4389	41	3	38
4390	41	3	38
4391	41	3	38
4392	41	3	38
4393	41	3	38
4394	41	3	38
4395	41	3	38
4396	41	3	38
4397	41	3	38
4398	41	3	38
4399	41	3	38
4400	41	3	38
4401	41	3	38
4402	42	3	39
4403	42	3	39
4404	42	3	39
4405	42	3	39
4406	42	3	39
4407	42	3	39
4408	42	3	39
4409	42	3	39
4410	42	3	39
4411	42	3	39
4412	42	3	39
4413	42	3	39
4414	42	3	39
4415	42	3	39
4416	42	3	39
4417	42	3	39
4418	42	3	39
4419	42	3	39
4420	42	3	39
4421	42	3	39
4422	42	3	39
4423	42	3	39
4424	42	3	39
4425	42	3	39
4426	42	3	39
4427	42	3	39
4428	42	3	39
4429	42	3	39
4430	42	3	39
4431	42	3	39
4432	42	3	39
4433	42	3	39
4434	42	3	39
4435	42	3	39
4436	42	3	39
4437	42	3	39
4438	42	3	39
4439	42	3	39
4440	42	3	39
4441	42	3	39
4442	42	3	39
4443	42	3	39
4444	42	3	39
4445	42	3	39
4446	42	3	39
4447	42	3	39
4448	42	3	39
4449	42	3	39
4450	42	3	39
4451	42	3	39
4452	42	3	39
4453	42	3	39
4454	42	3	39
4455	42	3	39
4456	42	3	39
4457	42	3	39
4458	42	3	39
4459	42	3	39
4460	42	3	39
4461	42	3	39
4462	42	3	39
4463	42	3	39
4464	42	3	39
4465	42	3	39
4466	42	3	39
4467	42	3	39
4468	42	3	39
4469	42	3	39
4470	42	3	39
4471	42	3	39
4472	42	3	39
4473	42	3	39
4474	42	3	39
4475	42	3	39
4476	42	3	39
4477	42	3	39
4478	42	3	39
4479	42	3	39
4480	42	3	39
4481	42	3	39
4482	42	3	39
4483	42	3	39
4484	42	3	39
4485	42	3	39
4486	42	3	39
4487	42	3	39
4488	42	3	39
4489	42	3	39
4490	42	3	39
4491	42	3	39
4492	42	3	39
4493	42	3	39
4494	42	3	39
4495	42	3	39
4496	42	3	39
4497	42	3	39
4498	42	3	39
4499	42	3	39
4500	42	3	39
4501	42	3	39
4502	42	3	39
4503	42	3	39
4504	42	3	39
4505	42	3	39
4506	42	3	39
4507	42	3	39
4508	42	3	39
4509	42	3	39
4510	42	3	39
4511	42	3	39
4512	42	3	39
4513	42	3	39
4514	42	3	39
4515	42	3	39
4516	42	3	39
4517	42	3	39
4518	42	3	39
4519	42	3	39
4520	42	3	39
4521	42	3	39
4522	42	3	39
4523	42	3	39
4524	42	3	39
4525	42	3	39
4526	42	3	39
4527	42	3	39
4528	42	3	39
4529	42	3	39
4530	42	3	39
4531	42	3	39
4532	42	3	39
4533	42	3	39
4534	42	3	39
4535	42	3	39
4536	42	3	39
4537	42	3	39
4538	42	3	39
4539	42	3	39
4540	42	3	39
4541	42	3	39
4542	42	3	39
4543	42	3	39
4544	42	3	39
4545	42	3	39
4546	42	3	39
4547	42	3	39
4548	42	3	39
4549	42	3	39
4550	42	3	39
4551	42	3	39
4552	42	3	39
4553	42	3	39
4554	42	3	39
4555	42	3	39
4556	42	3	39
4557	42	3	39
